0	992
0	482
0	515
0	260
0	166
0	583
0	365
0	845
0	724
0	85
0	567
0	824
0	508
0	917
1	930
1	579
1	101
1	326
1	380
1	330
1	491
1	47
1	498
1	147
1	983
1	123
1	92
1	574
2	964
2	135
2	712
2	329
2	778
2	711
2	364
2	317
2	602
2	699
2	988
2	890
2	510
2	319
3	33
3	36
3	965
3	967
3	265
3	395
3	115
3	804
3	631
3	280
3	953
3	283
3	671
4	409
4	827
4	894
4	231
4	200
4	458
4	812
4	429
4	110
4	50
4	302
4	55
4	441
4	122
4	379
4	906
4	30
4	507
5	546
5	963
5	455
5	524
5	461
5	878
5	495
5	979
5	948
5	534
5	601
5	185
5	891
5	671
6	608
6	739
6	616
6	572
6	555
6	908
6	178
6	493
6	625
6	978
6	124
6	734
7	257
7	769
7	936
7	396
7	943
7	690
7	467
7	469
7	727
7	111
7	763
8	514
8	614
8	871
8	586
8	263
8	621
8	659
8	820
8	854
8	919
8	765
9	224
9	432
9	485
9	582
9	332
9	590
9	592
9	754
9	214
9	361
9	347
9	125
10	160
10	867
10	740
10	486
10	296
10	681
10	780
10	238
10	271
10	402
10	26
11	288
11	609
11	389
11	39
11	968
11	268
11	84
11	534
11	756
11	763
12	646
12	808
12	434
12	818
12	788
12	245
12	892
12	797
12	479
13	546
13	963
13	647
13	524
13	461
13	87
13	495
13	604
13	126
14	35
14	420
14	103
14	105
14	748
14	816
14	121
14	921
14	156
14	447
15	897
15	388
15	901
15	486
15	559
15	184
15	947
15	308
15	696
15	762
15	923
15	698
16	321
16	66
16	323
16	612
16	94
16	847
16	597
16	408
16	793
16	893
16	542
17	179
17	742
17	327
17	490
17	588
17	687
17	112
17	530
17	755
17	463
17	211
17	989
17	382
17	991
18	541
18	751
18	881
18	564
18	471
18	761
18	348
18	157
18	831
19	320
19	929
19	226
19	164
19	676
19	359
19	64
19	877
19	785
19	116
19	886
19	89
19	381
20	352
20	480
20	931
20	876
20	45
20	273
20	531
20	183
20	596
20	442
21	197
21	204
21	139
21	684
21	237
21	494
21	685
21	305
21	658
21	403
21	54
21	187
21	837
22	406
22	557
22	944
22	434
22	691
22	756
22	345
22	505
22	1338
22	763
22	252
23	743
23	618
23	779
23	973
23	626
23	819
23	152
23	74
23	926
24	577
24	419
24	741
24	833
24	75
24	560
24	401
24	155
24	37
25	802
25	515
25	101
25	583
25	380
25	267
25	430
25	144
25	721
25	307
25	503
25	824
25	315
25	828
26	512
26	1153
26	1186
26	580
26	1158
26	1193
26	1132
26	1134
26	1199
26	81
26	1140
26	693
26	681
26	399
26	509
26	1183
27	806
27	710
27	38
27	459
27	108
27	849
27	565
27	759
27	286
27	575
28	1472
28	1440
28	1474
28	1443
28	484
28	1477
28	880
28	651
28	1423
28	208
28	881
28	1460
28	59
28	63
29	896
29	933
29	295
29	843
29	175
29	785
29	381
29	346
29	219
30	231
30	201
30	458
30	907
30	656
30	952
30	50
30	905
30	953
30	631
30	441
31	704
31	667
31	772
31	71
31	457
31	715
31	404
31	726
31	153
31	408
31	452
31	538
31	895
31	767
32	578
32	934
32	810
32	846
32	944
32	462
32	505
32	955
32	668
32	245
33	900
33	70
33	967
33	265
33	337
33	946
33	115
33	117
33	630
33	280
33	250
34	627
34	163
34	998
34	966
34	397
34	974
34	814
34	883
34	309
34	86
35	496
35	420
35	103
35	972
35	748
35	816
35	977
35	53
35	105
35	921
35	415
35	156
35	447
36	192
36	265
36	686
36	316
36	953
36	280
36	217
36	218
36	924
36	703
37	528
37	203
37	679
37	427
37	338
37	560
37	146
37	853
37	342
37	794
38	256
38	736
38	68
38	710
38	366
38	182
38	439
38	664
39	288
39	609
39	389
39	968
39	268
39	242
39	84
39	756
39	253
40	896
40	513
40	121
40	105
40	682
40	972
40	175
40	544
40	57
40	921
40	122
40	447
41	130
41	387
41	648
41	913
41	563
41	702
41	536
41	666
41	987
41	350
41	789
42	800
42	97
42	443
42	997
42	137
42	492
42	177
42	575
42	860
42	286
42	319
43	864
43	778
43	363
43	269
43	536
43	569
43	635
43	669
43	542
44	416
44	257
44	652
44	82
44	413
44	626
44	727
44	218
44	192
44	93
45	128
45	352
45	370
45	357
45	584
45	650
45	77
45	273
45	274
45	531
45	183
45	442
45	911
46	610
46	388
46	903
46	72
46	714
46	696
46	559
46	657
46	947
46	472
46	228
46	378
46	954
46	479
47	322
47	579
47	330
47	491
47	621
47	983
47	90
47	380
48	752
48	293
48	999
48	584
48	650
48	428
48	846
48	885
48	473
48	955
48	605
49	481
49	805
49	945
49	167
49	844
49	301
49	529
49	545
49	758
49	887
49	344
49	798
50	231
50	200
50	302
50	239
50	631
50	827
50	222
51	692
51	608
51	866
51	435
51	879
51	912
51	212
51	728
51	729
51	924
52	832
52	193
52	1442
52	1093
52	1063
52	353
52	1006
52	879
52	658
52	435
52	1046
52	1498
52	1499
52	1445
53	496
53	977
53	292
53	869
53	103
53	425
53	843
53	229
53	209
53	933
53	415
54	837
54	139
54	684
54	237
54	494
54	685
54	540
54	197
55	827
55	906
55	200
55	458
55	907
55	812
55	429
55	110
55	239
55	952
55	537
55	379
55	636
55	522
56	421
56	102
56	139
56	305
56	658
56	470
56	599
56	187
56	797
57	513
57	682
57	921
57	409
57	122
57	507
57	444
57	894
58	609
58	566
58	497
58	551
58	941
58	750
58	753
58	910
58	982
59	865
59	678
59	348
59	208
59	881
59	532
59	312
59	761
59	157
59	63
60	129
60	356
60	613
60	264
60	299
60	241
60	340
60	836
60	697
60	927
61	1059
61	1028
61	1030
61	711
61	1098
61	1036
61	270
61	88
61	1077
61	534
61	1016
61	988
61	510
62	384
62	610
62	516
62	742
62	72
62	588
62	660
62	698
62	764
62	378
63	865
63	706
63	678
63	494
63	208
63	881
63	532
63	600
63	761
63	157
64	226
64	676
64	359
64	522
64	295
64	110
64	785
64	381
65	384
65	897
65	872
65	521
65	589
65	308
65	73
65	828
65	989
66	667
66	548
66	715
66	847
66	823
66	408
66	793
66	571
67	160
67	800
67	309
67	329
67	974
67	883
67	206
67	695
67	600
67	163
67	860
67	533
68	256
68	864
68	132
68	291
68	737
68	488
68	949
68	439
68	664
68	249
68	702
68	861
68	446
68	607
69	355
69	266
69	717
69	209
69	466
69	118
69	722
69	882
69	156
69	874
70	967
70	302
70	337
70	946
70	115
70	117
70	630
70	631
70	280
71	704
71	772
71	457
71	715
71	339
71	726
71	250
71	767
72	384
72	610
72	388
72	714
72	472
72	516
72	378
72	764
73	960
73	737
73	872
73	521
73	423
73	365
73	308
73	985
73	861
74	100
74	328
74	79
74	776
74	644
74	819
74	148
74	234
74	285
74	190
75	577
75	419
75	161
75	591
75	560
75	306
75	853
75	155
75	833
76	379
76	900
76	870
76	812
76	200
76	265
76	654
76	631
76	888
76	827
76	222
77	960
77	352
77	584
77	107
77	273
77	531
77	183
77	442
77	911
77	605
78	806
78	902
78	423
78	424
78	180
78	565
78	663
78	410
78	949
79	769
79	962
79	644
79	294
79	385
79	552
79	649
79	304
79	936
79	969
79	281
79	506
80	1104
80	994
80	1155
80	1189
80	1126
80	1121
80	1100
80	1101
80	1133
80	1169
80	1112
81	512
81	1185
81	453
81	1132
81	1134
81	829
81	1106
81	371
81	509
81	1183
82	192
82	292
82	422
82	124
82	686
82	694
82	855
82	570
82	444
82	703
83	993
83	770
83	230
83	705
83	732
83	781
83	432
83	210
83	598
83	922
83	859
83	412
83	285
83	958
84	609
84	643
84	968
84	268
84	689
84	242
84	534
85	992
85	995
85	277
85	293
85	845
85	369
85	436
85	223
85	511
86	814
86	998
86	966
86	137
86	140
86	974
86	627
86	309
87	744
87	524
87	461
87	878
87	979
87	372
87	948
87	604
88	801
88	711
88	778
88	135
88	669
88	569
88	316
88	510
88	703
89	164
89	676
89	243
89	623
89	244
89	821
89	537
89	858
89	284
89	381
90	642
90	614
90	330
90	491
90	621
90	983
90	92
90	586
91	598
91	519
91	882
91	562
91	722
91	437
91	278
91	922
91	285
91	613
92	930
92	356
92	169
92	491
92	437
92	983
92	574
93	416
93	194
93	618
93	652
93	413
93	499
93	393
93	825
94	480
94	449
94	931
94	321
94	847
94	126
94	893
94	757
95	897
95	835
95	324
95	581
95	742
95	588
95	989
95	236
95	589
95	687
95	336
95	433
95	530
95	755
95	468
95	762
95	463
95	991
95	698
96	961
96	868
96	161
96	617
96	528
96	853
96	560
96	794
96	768
97	800
97	290
97	399
97	177
97	367
97	759
97	575
97	890
97	443
97	860
97	286
97	319
98	99
98	261
98	325
98	428
98	400
98	465
98	338
98	436
98	473
98	293
99	549
99	553
99	205
99	465
99	451
99	791
99	473
99	126
99	639
100	288
100	257
100	328
100	750
100	776
100	467
100	982
100	727
100	819
101	802
101	583
101	144
101	917
101	824
101	315
101	735
102	385
102	418
102	294
102	111
102	434
102	851
102	756
102	599
103	292
103	748
103	425
103	682
103	620
103	816
103	977
103	209
103	921
103	855
103	632
103	420
103	570
103	972
104	928
104	707
104	202
104	525
104	637
104	113
104	786
104	372
104	758
104	730
104	477
104	799
105	544
105	972
105	816
105	121
105	921
105	447
106	801
106	932
106	845
106	269
106	367
106	817
106	915
106	249
106	925
107	960
107	128
107	228
107	903
107	714
107	810
107	173
107	584
107	947
107	999
107	378
107	170
107	605
108	867
108	806
108	177
108	298
108	459
108	849
108	565
108	759
108	956
108	830
108	949
109	539
109	550
109	807
109	680
109	487
109	176
109	690
109	863
109	733
109	543
110	522
110	198
110	200
110	458
110	429
110	477
110	379
110	906
111	225
111	294
111	385
111	234
111	779
111	943
111	756
112	179
112	742
112	327
112	588
112	687
112	755
112	989
112	382
113	928
113	674
113	707
113	561
113	202
113	203
113	637
113	799
114	738
114	774
114	205
114	937
114	813
114	782
114	269
114	913
114	279
114	603
114	914
115	900
115	967
115	265
115	337
115	946
115	117
115	630
115	631
115	280
115	222
116	481
116	805
116	359
116	713
116	243
116	886
116	858
116	251
117	965
117	905
117	302
117	337
117	946
117	630
117	280
118	266
118	619
118	460
118	141
118	493
118	625
118	466
118	856
118	156
118	351
119	1152
119	641
119	418
119	832
119	1192
119	1166
119	851
119	1182
119	1178
119	1115
119	1181
119	766
120	961
120	391
120	744
120	970
120	276
120	918
120	372
120	186
120	746
121	544
121	513
121	972
121	175
121	921
121	351
121	447
122	379
122	201
122	409
122	507
122	444
122	894
123	579
123	453
123	838
123	199
123	307
123	942
123	371
123	986
123	574
124	608
124	832
124	739
124	422
124	711
124	616
124	316
124	555
124	694
125	224
125	675
125	332
125	397
125	814
125	141
125	592
125	754
125	349
125	361
125	347
126	480
126	549
126	745
126	461
126	451
126	963
126	791
126	604
127	355
127	210
127	188
127	466
127	882
127	628
127	856
127	884
127	282
127	700
128	960
128	771
128	262
128	810
128	370
128	531
128	501
128	183
128	170
128	213
129	836
129	613
129	264
129	297
129	299
129	340
129	697
129	927
130	987
130	913
130	648
130	387
130	248
130	563
130	789
130	536
130	666
130	411
130	893
130	350
131	992
131	147
131	326
131	523
131	333
131	749
131	498
131	995
131	917
131	662
131	247
131	476
131	287
132	256
132	387
132	424
132	702
132	439
132	664
132	350
132	607
133	417
133	450
133	675
133	137
133	587
133	493
133	619
133	625
133	725
133	628
133	661
133	856
133	997
133	188
133	414
133	255
134	550
134	807
134	970
134	720
134	690
134	275
134	374
134	951
134	475
135	964
135	712
135	316
135	711
135	500
135	246
135	602
135	699
135	988
135	890
135	510
135	319
136	449
136	866
136	323
136	548
136	571
136	823
136	712
136	624
136	593
136	912
136	407
136	728
136	889
136	667
136	153
137	800
137	417
137	450
137	397
137	974
137	787
137	535
137	255
137	860
137	414
137	997
138	387
138	196
138	902
138	424
138	648
138	563
138	596
138	502
138	442
138	350
138	607
139	837
139	237
139	685
139	305
139	595
139	187
140	163
140	452
140	998
140	974
140	787
140	309
140	695
140	154
141	224
141	332
141	266
141	460
141	592
141	625
141	466
141	347
141	734
142	770
142	708
142	646
142	327
142	490
142	171
142	336
142	433
142	211
142	189
143	804
143	454
143	683
143	692
143	951
143	376
143	729
143	217
143	283
143	924
143	218
144	802
144	583
144	380
144	267
144	721
144	824
144	315
144	828
145	481
145	834
145	811
145	645
145	561
145	713
145	935
145	844
145	529
145	344
145	220
145	798
145	325
146	419
146	679
146	556
146	427
146	844
146	815
146	560
146	529
146	203
147	930
147	932
147	326
147	904
147	330
147	333
147	527
147	749
147	498
147	181
147	983
147	917
147	574
147	287
148	278
148	776
148	873
148	874
148	819
148	598
148	570
148	285
148	190
149	1313
149	1316
149	881
149	1257
149	1386
149	1291
149	842
149	1359
149	1336
149	564
149	1302
149	1240
149	185
149	573
150	483
150	456
150	493
150	718
150	404
150	725
150	535
150	572
150	959
151	747
151	842
151	204
151	403
151	471
151	761
151	543
151	348
151	541
151	831
152	225
152	743
152	393
152	618
152	779
152	973
152	626
152	469
152	506
152	926
153	323
153	452
153	364
153	533
153	408
153	538
153	667
154	483
154	452
154	998
154	492
154	718
154	431
154	787
154	404
154	695
154	538
154	895
155	577
155	419
155	938
155	556
155	560
155	306
155	253
156	266
156	717
156	694
156	466
156	209
156	178
156	351
157	866
157	728
157	751
157	881
157	564
157	312
157	761
157	348
158	236
158	336
158	433
158	818
158	371
158	660
158	440
158	797
158	991
159	358
159	874
159	971
159	653
159	174
159	975
159	722
159	792
159	412
160	740
160	296
160	329
160	238
160	402
160	533
160	600
160	318
161	419
161	868
161	961
161	617
161	300
161	591
161	981
161	943
161	853
162	832
162	641
162	355
162	993
162	616
162	874
162	418
162	882
162	598
162	285
162	958
163	997
163	998
163	908
163	431
163	535
163	206
163	483
163	974
163	695
163	313
163	314
163	883
164	320
164	841
164	790
164	713
164	858
164	284
164	446
165	942
165	199
165	334
165	688
165	916
165	373
165	986
165	606
165	453
166	482
166	260
166	488
166	937
166	205
166	813
166	446
166	568
166	738
166	254
167	945
167	585
167	529
167	233
167	938
167	844
167	301
167	887
167	221
168	417
168	587
168	869
168	843
168	619
168	594
168	916
168	661
168	822
168	933
169	642
169	356
169	613
169	519
169	904
169	394
169	491
169	941
169	655
169	777
169	527
170	960
170	903
170	584
170	714
170	810
170	173
170	605
170	885
170	999
170	911
171	770
171	230
171	490
171	336
171	433
171	211
171	697
171	922
171	189
171	735
172	528
172	833
172	909
172	783
172	784
172	338
172	980
172	342
172	436
173	999
173	584
173	911
173	752
173	885
173	810
173	605
174	705
174	582
174	969
174	653
174	975
174	432
174	595
174	412
175	544
175	513
175	896
175	673
175	682
175	972
175	826
176	868
176	550
176	487
176	807
176	691
176	723
176	311
176	601
176	733
177	806
177	849
177	492
177	663
177	410
177	443
177	542
178	192
178	513
178	292
178	422
178	555
178	694
178	855
178	826
178	444
179	324
179	742
179	721
179	503
179	589
179	463
179	530
179	755
179	687
179	828
179	989
180	321
180	612
180	518
180	902
180	273
180	597
180	663
180	196
180	410
180	956
181	545
181	930
181	356
181	904
181	941
181	938
181	301
181	910
181	527
181	920
181	253
181	287
182	736
182	640
182	611
182	710
182	615
182	520
182	366
182	232
182	341
182	672
183	352
183	771
183	960
183	262
183	274
183	273
183	370
183	531
183	501
183	650
184	835
184	901
184	486
184	875
184	984
184	468
184	343
184	923
184	581
185	283
185	455
185	1386
185	495
185	1328
185	601
185	217
185	891
186	961
186	391
186	744
186	746
186	591
186	276
186	918
186	372
186	970
187	1440
187	706
187	421
187	1478
187	1484
187	1454
187	305
187	658
187	1434
187	1477
188	448
188	450
188	675
188	700
188	587
188	334
188	882
188	628
188	661
188	856
188	916
188	255
188	884
189	835
189	708
189	327
189	490
189	463
189	336
189	433
189	211
190	644
190	278
190	358
190	616
190	873
190	781
190	819
190	598
190	874
191	801
191	933
191	422
191	425
191	554
191	555
191	367
191	796
191	925
192	608
192	572
192	694
192	444
192	946
193	1442
193	212
193	421
193	840
193	1066
193	1006
193	936
193	345
193	573
194	416
194	393
194	618
194	652
194	720
194	469
194	475
194	926
195	362
195	909
195	526
195	719
195	547
195	980
195	245
195	662
195	788
195	892
196	931
196	612
196	902
196	424
196	876
196	596
196	597
197	837
197	204
197	684
197	237
197	494
197	403
197	540
198	775
198	243
198	405
198	375
198	730
198	251
198	636
198	477
199	448
199	942
199	453
199	334
199	688
199	916
199	373
199	884
199	986
199	282
200	379
200	231
200	812
200	429
200	654
200	827
200	894
201	386
201	965
201	458
201	907
201	656
201	905
201	953
201	441
201	413
202	707
202	775
202	525
202	405
202	730
202	636
202	477
202	799
203	674
203	811
203	679
203	844
203	529
203	561
203	950
203	427
204	678
204	684
204	237
204	494
204	403
204	837
205	738
205	813
205	488
205	553
205	482
205	913
205	914
205	215
205	568
205	834
205	254
206	329
206	533
206	890
206	974
206	309
206	883
206	500
206	695
206	313
206	314
206	602
206	997
207	256
207	354
207	360
207	363
207	785
207	821
207	790
207	536
207	443
207	284
208	865
208	706
208	235
208	484
208	880
208	747
208	651
209	229
209	700
209	717
209	882
209	415
210	993
210	994
210	705
210	781
210	859
210	412
210	958
211	802
211	327
211	297
211	490
211	991
211	735
212	454
212	840
212	683
212	761
212	729
212	348
212	573
213	771
213	484
213	934
213	518
213	462
213	445
213	976
213	701
213	670
213	501
214	485
214	966
214	392
214	590
214	238
214	984
214	857
214	957
215	737
215	488
215	365
215	442
215	795
215	861
215	254
215	607
216	578
216	651
216	747
216	842
216	235
216	880
216	633
216	252
216	733
216	990
217	283
217	729
217	878
217	912
217	692
217	376
217	891
217	924
217	671
218	608
218	257
218	454
218	396
218	727
218	951
218	376
218	924
219	673
219	354
219	933
219	456
219	826
219	368
219	360
219	725
219	888
219	346
220	523
220	545
220	738
220	995
220	260
220	645
220	247
220	834
220	558
220	887
220	568
221	741
221	233
221	938
221	809
221	401
221	662
221	585
221	920
222	967
222	647
222	654
222	239
222	630
222	631
223	261
223	389
223	277
223	784
223	369
223	434
223	756
223	478
223	511
224	432
224	582
224	304
224	754
224	435
224	347
225	743
225	234
225	779
225	300
225	306
225	981
225	943
226	929
226	676
226	805
226	359
226	877
226	886
226	344
226	381
227	289
227	642
227	871
227	554
227	295
227	941
227	272
227	939
227	606
227	383
228	610
228	808
228	714
228	657
228	947
228	472
228	698
228	764
228	378
228	479
229	519
229	334
229	882
229	916
229	869
229	884
229	700
229	415
230	264
230	770
230	781
230	851
230	437
230	922
230	859
230	732
230	927
231	458
231	302
231	239
231	631
231	379
232	640
232	736
232	611
232	710
232	615
232	459
232	520
232	341
233	427
233	741
233	811
233	809
233	662
233	401
233	338
233	342
233	585
234	743
234	328
234	779
234	306
234	819
234	927
235	880
235	578
235	651
235	747
235	657
235	944
235	954
235	733
236	797
236	818
236	660
236	440
236	698
236	762
236	991
237	684
237	494
237	305
237	403
237	540
237	837
238	512
238	740
238	485
238	296
238	349
238	392
238	627
238	857
238	957
238	318
239	907
239	458
239	631
239	812
239	525
239	654
239	636
239	647
240	609
240	643
240	551
240	968
240	268
240	558
240	242
240	915
240	782
240	801
241	613
241	264
241	732
241	940
241	848
241	562
241	517
241	927
242	609
242	643
242	389
242	774
242	968
242	551
242	268
242	914
242	270
242	915
242	782
242	603
243	251
243	775
243	713
243	375
243	623
243	279
243	248
243	858
243	987
244	676
244	870
244	522
244	623
244	537
244	536
244	858
244	987
245	808
245	362
245	909
245	719
245	980
245	788
245	892
246	766
246	862
246	677
246	716
246	271
246	510
246	335
246	830
247	992
247	995
247	260
247	508
247	523
247	558
247	917
247	887
247	568
248	411
248	623
248	303
248	405
248	375
248	666
248	987
249	864
249	256
249	291
249	269
249	845
249	817
249	724
249	731
249	446
250	772
250	630
250	715
250	967
250	337
250	726
250	900
251	805
251	775
251	713
251	561
251	375
251	799
252	1248
252	1280
252	578
252	651
252	1255
252	1212
252	487
252	1296
252	944
252	1266
252	691
252	1236
252	1239
252	505
252	733
252	543
253	609
253	419
253	558
253	268
253	938
253	556
253	910
253	545
253	478
254	488
254	553
254	913
254	502
254	442
254	666
254	607
255	448
255	417
255	258
255	675
255	580
255	814
255	693
255	628
255	661
255	856
255	414
256	291
256	841
256	446
256	790
256	439
256	664
256	702
257	288
257	416
257	328
257	396
257	467
257	469
257	727
257	703
258	675
258	361
258	619
258	332
258	814
258	592
258	628
258	856
258	460
258	349
259	454
259	839
259	680
259	683
259	807
259	690
259	374
259	951
259	539
260	482
260	508
260	937
260	568
260	446
261	400
261	390
261	369
261	268
261	783
261	784
261	465
261	436
261	406
262	370
262	274
262	531
262	501
262	670
262	633
262	990
263	514
263	854
263	622
263	850
263	659
263	310
263	919
263	474
263	634
263	638
263	709
264	356
264	613
264	732
264	299
264	562
264	340
264	437
264	697
264	922
264	927
265	339
265	337
265	946
265	888
265	631
265	280
265	900
266	616
266	694
266	717
266	466
266	874
267	579
267	430
267	515
267	307
267	919
267	315
267	380
267	638
268	609
268	968
268	556
268	558
268	689
268	545
268	478
268	389
269	801
269	363
269	937
269	845
269	603
269	510
270	389
270	390
270	701
270	976
270	277
270	603
270	511
271	867
271	677
271	716
271	402
271	830
271	510
271	335
271	956
271	862
272	709
272	871
272	331
272	817
272	594
272	821
272	785
272	925
272	606
273	771
273	902
273	518
273	423
273	370
273	531
274	352
274	480
274	370
274	357
274	464
274	531
274	757
274	501
275	773
275	970
275	652
275	878
275	918
275	951
275	825
275	475
276	961
276	391
276	744
276	746
276	591
276	372
276	970
277	389
277	934
277	365
277	976
277	369
277	462
277	293
277	511
278	355
278	598
278	874
278	781
278	722
278	412
278	285
279	738
279	707
279	645
279	774
279	937
279	813
279	782
279	303
279	730
279	623
279	914
280	967
280	337
280	946
280	630
280	631
280	900
281	385
281	962
281	644
281	294
281	769
281	552
281	649
281	779
281	969
281	506
282	448
282	453
282	334
282	509
282	884
282	628
282	700
282	829
283	804
283	891
283	692
283	376
283	671
284	676
284	785
284	937
284	331
284	817
284	915
284	821
284	790
284	381
285	859
285	598
285	874
285	781
285	562
285	437
285	722
285	922
285	412
285	958
286	800
286	443
286	459
286	849
286	759
286	575
287	930
287	356
287	297
287	938
287	299
287	749
287	333
287	498
287	340
287	809
287	836
288	418
288	968
288	750
288	467
288	686
288	609
288	703
289	642
289	614
289	877
289	904
289	426
289	331
289	301
289	621
289	438
289	377
289	527
289	383
290	800
290	580
290	681
290	298
290	399
290	693
290	759
290	860
290	373
291	841
291	515
291	638
291	310
291	439
291	664
291	731
291	446
292	422
292	425
292	555
292	855
292	826
292	444
293	400
293	482
293	846
293	369
293	436
293	568
293	526
294	385
294	962
294	769
294	552
294	969
294	685
294	936
294	506
295	896
295	803
295	939
295	620
295	760
295	632
296	897
296	867
296	740
296	486
296	681
296	402
297	836
297	299
297	749
297	340
297	809
297	697
297	735
298	672
298	867
298	838
298	681
298	942
298	399
298	373
298	759
299	836
299	340
299	697
299	735
300	328
300	743
300	467
300	943
300	776
300	306
300	499
300	981
300	982
301	877
301	945
301	904
301	426
301	523
301	910
301	333
301	438
301	887
301	920
301	377
302	905
302	630
302	631
302	827
303	648
303	553
303	913
303	666
303	987
303	730
303	639
304	832
304	962
304	936
304	649
304	685
304	879
304	435
305	706
305	740
305	837
305	486
305	780
305	494
305	658
305	540
305	318
306	743
306	328
306	981
306	577
307	731
307	838
307	942
307	515
307	579
307	724
307	430
307	567
307	986
308	867
308	897
308	872
308	335
308	521
308	985
308	762
308	445
308	830
309	800
309	998
309	966
309	974
309	627
309	695
309	883
310	520
310	622
310	850
310	854
310	919
310	474
310	638
311	768
311	868
311	406
311	617
311	428
311	465
311	691
311	852
311	723
311	504
312	880
312	842
312	624
312	881
312	564
312	889
312	633
313	908
313	493
313	431
313	978
313	483
313	314
313	883
313	572
313	734
314	997
314	695
314	908
314	493
314	483
314	883
314	974
314	535
314	431
314	734
315	802
315	380
315	430
315	721
315	503
315	824
315	828
316	739
316	964
316	711
316	712
316	703
317	704
317	712
317	457
317	778
317	364
317	669
317	492
317	339
317	407
317	569
317	767
317	895
318	353
318	706
318	740
318	754
318	533
318	600
318	540
319	580
319	329
319	492
319	367
319	890
319	699
319	860
319	602
320	929
320	514
320	939
320	871
320	331
320	659
320	820
320	474
320	765
321	323
321	612
321	847
321	663
321	793
321	542
321	597
322	326
322	777
322	330
322	333
322	438
322	983
322	920
322	377
323	548
323	449
323	823
323	793
323	847
323	712
323	597
323	889
323	667
323	624
323	629
324	742
324	687
324	530
324	755
324	468
324	463
324	382
325	707
325	935
325	811
325	834
325	400
325	950
325	674
325	639
326	330
326	523
326	333
326	498
326	579
326	426
327	646
327	490
327	588
327	433
327	382
327	991
328	467
328	750
328	776
328	499
328	981
328	982
328	819
329	580
329	500
329	533
329	964
329	602
329	699
329	860
329	890
330	579
330	777
330	491
330	333
330	438
330	983
330	920
330	426
331	709
331	614
331	871
331	586
331	621
331	817
331	821
331	383
332	966
332	814
332	349
332	592
332	627
332	361
332	397
332	347
332	460
333	523
333	498
333	920
333	426
334	448
334	373
334	628
334	916
334	661
334	884
334	606
335	897
335	934
335	872
335	862
335	440
335	762
335	830
336	835
336	708
336	581
336	490
336	463
336	433
336	371
337	900
337	967
337	946
337	630
338	400
338	811
338	528
338	436
338	342
339	704
339	900
339	457
339	888
339	772
339	767
339	572
339	895
340	836
340	613
340	697
341	640
341	672
341	611
341	615
341	459
341	622
341	520
341	736
342	833
342	811
342	401
342	436
342	741
343	576
343	835
343	708
343	392
343	875
343	984
343	857
343	957
344	481
344	805
344	945
344	713
344	561
344	359
344	877
344	786
344	545
344	758
344	798
345	1026
345	763
345	1014
345	1414
345	1441
345	1066
345	1076
345	1017
345	1023
345	573
345	1439
346	673
346	354
346	456
346	368
346	360
346	725
346	888
346	959
347	435
347	397
347	754
347	883
347	361
348	678
348	471
348	751
348	881
348	761
348	831
349	485
349	966
349	957
349	361
349	397
349	814
349	592
349	627
350	387
350	424
350	648
350	563
350	596
350	702
350	502
350	789
351	544
351	822
351	619
351	535
351	856
351	826
352	876
352	531
352	596
352	442
353	879
353	754
353	435
353	500
353	533
353	1046
353	600
353	1498
353	1471
354	673
354	443
354	360
354	368
354	456
354	594
354	367
354	959
355	874
355	882
355	466
355	722
355	700
356	930
356	613
356	938
356	749
356	527
357	752
357	584
357	745
357	650
357	464
357	852
357	473
358	644
358	517
358	873
358	971
358	940
358	653
358	973
358	848
358	819
358	792
358	975
358	412
359	929
359	805
359	877
359	886
359	381
360	673
360	368
360	456
360	594
360	367
360	443
360	959
361	966
361	397
361	814
361	592
362	892
362	434
362	526
362	719
362	784
362	660
362	547
362	980
362	788
362	476
363	870
363	778
363	536
363	569
363	635
363	669
363	542
364	704
364	452
364	712
364	407
364	492
364	404
364	457
364	408
364	890
364	767
364	538
364	895
365	515
365	521
365	488
365	724
365	985
365	861
366	736
366	672
366	710
366	615
366	521
366	459
366	664
367	450
367	801
367	368
367	399
367	796
367	925
368	801
368	456
368	888
368	796
368	925
368	959
369	389
369	846
369	784
369	436
369	511
370	757
370	771
370	531
370	501
370	629
371	453
371	838
371	681
371	1196
371	1101
372	928
372	391
372	746
372	744
372	689
373	942
373	399
373	688
373	986
373	731
373	453
374	807
374	839
374	720
374	690
374	951
374	539
374	475
375	775
375	623
375	405
375	730
375	636
376	891
376	804
376	454
376	729
376	683
376	396
376	692
376	951
376	924
377	438
377	614
377	777
377	426
377	642
377	886
377	920
378	384
378	610
378	714
378	472
379	827
379	812
379	458
379	907
379	429
379	409
379	894
379	507
380	579
380	430
380	919
381	676
381	522
381	785
381	821
382	742
382	588
382	687
382	755
382	468
382	516
383	642
383	932
383	877
383	904
383	941
383	527
383	915
384	516
384	742
384	589
384	872
384	764
384	698
385	769
385	552
385	779
385	506
386	804
386	773
386	395
386	652
386	656
386	905
386	953
386	825
386	413
386	965
387	424
387	563
387	702
387	536
387	612
387	789
388	610
388	923
388	901
388	559
388	696
388	947
388	472
388	698
389	557
389	511
390	451
390	549
390	745
390	976
390	465
390	979
390	406
391	928
391	961
391	744
391	746
391	591
391	970
391	794
392	576
392	740
392	485
392	875
392	595
392	590
392	984
392	857
392	540
392	957
393	743
393	618
393	720
393	981
393	926
393	469
394	977
394	519
394	620
394	941
394	655
394	753
394	497
394	554
395	804
395	773
395	905
395	652
395	825
395	953
395	413
395	965
396	454
396	951
396	683
396	467
396	469
396	727
397	675
397	966
397	814
397	625
397	883
397	974
397	460
398	1088
398	1024
398	1027
398	1095
398	1032
398	1099
398	1421
398	1007
398	1040
398	1073
398	1407
398	1048
398	1081
398	1039
398	1084
398	1086
398	1055
399	580
399	677
399	681
399	860
399	693
400	935
400	811
400	834
400	482
400	436
400	568
400	738
400	914
401	833
401	547
401	741
401	809
401	662
401	585
401	476
402	865
402	706
402	484
402	716
402	1483
402	780
402	1466
402	1487
402	445
402	1471
403	678
403	684
403	494
403	837
404	483
404	452
404	457
404	718
404	431
404	767
404	895
405	775
405	525
405	730
405	636
405	477
406	768
406	868
406	617
406	428
406	723
406	465
406	691
406	852
406	504
406	783
406	549
407	704
407	866
407	964
407	912
407	712
407	500
407	726
407	728
407	988
408	667
408	452
408	457
408	793
408	538
408	767
409	507
409	827
409	429
409	444
409	894
410	864
410	737
410	806
410	902
410	423
410	424
410	949
410	663
410	795
410	565
411	635
411	987
411	647
411	654
411	563
411	789
411	893
412	993
412	975
412	598
412	874
412	971
412	781
412	653
412	848
412	722
412	859
413	416
413	773
413	656
413	499
413	566
413	953
413	652
413	825
414	417
414	450
414	997
414	661
414	822
414	860
415	869
415	977
415	496
415	882
415	700
416	652
416	618
416	626
416	499
416	727
417	450
417	661
417	822
417	443
418	641
418	851
418	766
418	859
418	958
419	577
419	556
419	815
419	560
419	853
419	591
420	682
420	748
420	816
420	977
420	855
420	570
421	1440
421	1478
421	936
421	1484
421	879
421	1489
421	658
421	1461
421	1434
421	1438
422	587
422	739
422	796
422	555
422	425
423	864
423	737
423	902
423	518
423	488
423	949
423	663
423	985
423	795
423	861
423	607
424	902
424	612
424	596
424	502
424	663
424	795
424	607
425	933
425	554
425	555
425	855
425	796
425	925
426	523
426	438
426	887
427	679
427	844
427	811
427	815
427	560
427	529
427	637
428	783
428	752
428	465
428	436
428	504
429	441
429	522
429	507
429	458
429	812
429	906
430	731
430	838
430	688
430	919
430	942
430	503
431	483
431	452
431	457
431	895
432	705
432	582
432	993
432	595
432	590
432	969
432	958
433	835
433	708
433	646
433	490
433	818
433	660
433	788
433	991
434	557
434	756
434	599
434	511
434	892
434	797
435	832
435	879
435	754
436	784
436	846
437	613
437	519
437	562
437	851
437	922
437	574
438	904
438	777
438	642
438	920
439	710
439	841
439	790
439	664
439	702
440	581
440	934
440	698
440	818
440	862
440	762
440	668
440	797
441	458
441	907
441	656
441	786
441	566
441	952
441	906
442	502
442	795
443	594
443	959
444	513
444	855
444	507
444	826
444	894
445	484
445	903
445	559
445	947
445	696
445	956
445	830
446	841
446	817
446	638
446	790
446	508
447	544
447	748
447	921
447	972
448	916
448	700
448	884
448	661
448	628
449	480
449	847
449	624
449	593
449	757
449	889
449	667
450	675
450	555
450	673
450	587
450	725
450	959
450	796
450	997
451	464
451	549
451	745
451	976
451	465
451	791
451	473
451	604
452	457
452	492
452	895
452	538
453	838
453	942
453	688
453	986
454	839
454	683
454	690
454	469
454	951
454	729
455	546
455	963
455	524
455	461
455	495
455	1328
455	593
455	948
456	673
456	718
456	888
456	959
457	704
457	895
457	715
457	492
457	772
457	538
457	767
458	636
458	907
458	812
458	656
458	786
458	952
458	525
458	906
459	672
459	640
459	611
459	710
459	615
459	849
459	759
460	675
460	619
460	493
460	625
460	734
461	546
461	963
461	524
461	979
461	948
461	495
461	604
461	549
462	934
462	810
462	557
462	976
462	668
462	797
463	490
463	503
463	530
463	755
463	687
464	745
464	650
464	852
464	504
464	473
464	549
465	745
465	723
465	549
466	700
466	717
466	882
467	943
467	727
467	703
468	835
468	742
468	687
468	755
468	698
468	923
468	762
469	683
469	951
469	839
469	943
469	720
469	727
469	926
470	770
470	708
470	1191
470	1192
470	1161
470	1194
470	1103
470	1170
470	1175
470	1177
470	1119
471	747
471	842
471	751
471	564
471	761
471	543
471	541
471	831
472	610
472	903
472	714
472	808
472	947
472	954
472	479
473	745
473	650
473	791
473	549
474	514
474	622
474	850
474	659
474	854
474	919
474	634
474	638
475	970
475	720
475	690
475	918
475	951
475	825
476	833
476	749
476	526
476	547
476	917
476	662
476	478
477	906
477	775
477	525
477	786
477	758
477	730
477	636
477	799
478	995
478	558
478	498
478	917
478	511
479	610
479	808
479	714
479	657
479	947
479	954
479	668
480	931
480	876
480	596
480	757
481	805
481	945
481	713
481	877
481	886
481	887
481	798
482	834
482	568
482	738
483	997
483	718
483	535
483	787
483	895
484	865
484	1487
484	532
484	670
484	629
485	512
485	957
485	592
485	590
485	984
485	857
486	706
486	901
486	875
486	780
486	696
486	559
486	923
486	540
487	691
487	504
487	505
487	863
487	733
487	543
488	864
488	737
488	949
488	795
488	607
489	1280
489	1248
489	1250
489	1255
489	578
489	1295
489	944
489	1201
489	1266
489	691
489	852
489	1238
489	504
489	990
489	1247
490	835
490	708
490	687
491	777
491	621
491	983
492	538
492	575
492	895
492	890
493	625
493	978
493	725
493	535
493	734
494	678
494	684
494	837
494	658
494	540
495	546
495	963
495	524
495	878
495	593
495	979
495	948
495	604
496	816
496	899
496	996
496	869
496	843
496	760
497	554
497	753
497	620
497	655
497	570
497	855
497	632
497	507
497	682
498	992
498	930
498	932
498	508
498	527
498	749
498	917
498	567
498	579
498	995
499	566
499	753
499	750
499	776
499	982
500	964
500	533
500	602
500	699
500	890
501	757
501	771
501	650
501	629
501	531
501	670
502	737
502	648
502	553
502	913
502	666
502	607
503	838
503	589
503	721
503	828
503	989
504	578
504	1293
504	1250
504	691
504	852
504	990
505	1248
505	578
505	1296
505	944
505	1266
505	691
505	1338
505	733
506	962
506	644
506	769
506	552
506	649
506	779
507	907
507	894
508	992
508	995
508	567
508	845
508	515
508	724
508	917
508	932
509	512
509	1155
509	829
509	1132
509	1149
509	1134
509	1106
509	1102
510	716
510	988
510	701
511	557
512	681
512	1132
512	829
512	984
513	544
513	972
513	921
513	826
514	709
514	586
514	871
514	765
514	850
514	659
514	820
514	854
514	634
515	583
515	824
515	985
516	610
516	742
516	755
516	764
516	989
517	873
517	971
517	940
517	973
517	975
517	848
517	792
518	771
518	597
518	949
518	663
518	795
518	701
519	655
519	977
519	882
519	554
520	736
520	640
520	611
520	710
520	622
520	850
520	664
521	872
521	565
521	985
521	861
522	676
522	870
522	812
522	821
522	537
523	887
523	920
523	995
524	546
524	963
524	878
524	593
524	979
524	948
524	534
524	604
524	671
525	812
525	730
525	636
526	909
526	719
526	980
526	846
526	662
527	930
527	910
527	904
527	941
527	558
527	932
527	574
528	768
528	961
528	679
528	617
528	794
529	945
529	811
529	844
529	815
529	637
530	742
530	687
530	755
530	989
532	865
532	624
532	881
532	629
532	889
532	670
533	754
533	600
534	891
534	878
534	979
534	763
534	703
535	997
535	998
535	619
535	787
536	790
536	987
536	702
537	676
537	870
537	812
537	782
537	623
538	767
539	839
539	680
539	683
539	807
539	690
539	863
540	706
540	740
540	875
540	901
540	837
541	680
541	842
541	751
541	564
541	543
541	831
542	778
542	893
542	663
542	569
542	669
543	840
543	842
543	733
543	680
543	863
544	972
544	921
544	826
545	645
545	551
545	938
545	556
545	558
545	910
545	887
546	963
546	593
546	604
546	671
547	833
547	836
547	809
547	749
547	719
547	662
547	735
548	667
548	847
548	624
548	823
548	793
548	571
549	745
549	852
549	963
549	604
550	891
550	807
550	690
550	723
550	601
550	763
550	863
551	609
551	782
551	643
551	968
551	558
551	915
552	962
552	769
552	649
552	779
553	648
553	913
553	791
553	666
554	977
554	620
554	941
554	925
554	632
554	655
555	587
555	739
555	796
555	725
556	609
556	938
556	910
556	815
556	560
556	689
557	1410
557	1059
557	1030
557	1096
557	1453
557	1075
557	756
557	1070
557	1014
557	1020
558	995
558	645
558	887
558	845
558	915
559	923
559	901
559	903
559	947
559	696
559	698
560	577
560	679
560	815
560	853
560	794
561	674
561	844
561	775
561	950
561	637
561	799
562	613
562	940
562	598
562	922
562	732
562	927
563	648
563	931
563	596
563	789
563	666
563	893
564	842
564	881
564	633
564	751
564	831
565	867
565	849
565	759
565	956
565	861
565	830
566	906
566	686
566	753
566	982
566	952
567	992
567	579
567	932
567	845
567	724
567	917
568	935
568	738
568	834
569	712
569	778
569	888
569	635
569	669
570	748
570	717
570	694
570	855
571	667
571	715
571	593
571	726
571	823
571	728
572	900
572	908
572	946
572	718
572	978
572	725
573	840
573	1355
573	1330
573	601
573	1240
573	1338
574	930
574	983
574	922
575	800
575	806
575	849
575	759
576	835
576	708
576	875
576	590
576	595
576	984
576	857
577	833
577	585
577	938
578	651
578	944
578	691
578	733
578	990
579	983
580	699
580	693
580	860
580	602
581	897
581	835
581	681
581	762
581	923
582	705
582	993
582	969
582	595
582	590
582	958
583	802
583	917
583	824
583	828
584	960
584	752
584	955
584	650
584	999
584	885
584	911
584	605
585	741
585	938
585	809
585	662
585	920
586	614
586	871
586	621
586	659
586	642
586	919
586	765
587	796
587	675
587	916
587	661
587	856
587	628
588	646
588	742
588	660
588	764
588	991
589	742
589	721
589	755
589	828
589	989
590	595
590	984
590	857
590	957
591	961
591	746
591	689
591	853
591	815
591	981
592	966
592	814
593	963
593	715
593	671
594	709
594	843
594	822
594	634
594	606
594	933
595	705
595	993
595	969
595	653
596	931
596	902
596	876
596	612
597	847
597	793
597	612
598	993
598	859
598	874
598	940
598	781
598	958
598	722
599	1409
599	1412
599	1096
599	1001
599	1042
599	1416
599	1459
599	756
599	1014
599	797
600	678
600	865
600	754
601	891
601	807
601	690
601	723
601	763
601	863
602	739
602	964
602	699
602	890
603	738
603	774
603	813
603	782
603	937
603	845
604	963
604	647
605	752
605	911
605	650
605	999
605	885
605	955
606	996
606	843
606	916
606	933
606	709
606	925
606	869
607	864
607	737
607	795
608	739
608	616
608	978
608	924
609	643
609	968
610	714
610	808
610	764
610	698
611	640
611	736
611	710
611	615
611	672
612	902
612	876
612	931
613	655
614	642
614	939
614	871
614	621
614	820
614	919
614	765
615	640
615	672
615	736
616	717
616	694
616	874
617	868
617	961
617	783
617	723
617	853
617	794
617	768
618	743
618	973
618	720
618	626
618	926
619	822
619	856
620	977
620	803
620	682
620	855
620	632
621	642
621	871
621	919
621	983
622	854
622	688
622	850
622	634
623	676
623	858
623	987
623	730
624	881
624	629
624	823
624	889
624	757
625	675
625	883
625	734
626	644
626	727
626	973
626	819
627	966
627	814
627	695
628	675
628	700
628	661
628	856
628	884
629	865
629	889
629	670
630	967
630	631
631	967
631	953
631	827
632	896
632	977
632	803
632	760
632	816
632	855
632	682
633	651
633	842
633	747
633	880
633	990
634	709
634	850
634	688
634	854
635	870
635	647
635	778
635	654
635	893
635	669
636	647
636	812
636	654
636	730
637	928
637	674
637	707
637	746
637	815
637	786
637	758
637	799
638	841
638	817
638	919
638	731
639	834
639	707
639	935
639	811
639	674
639	950
640	672
640	736
641	1152
641	832
641	1133
641	851
641	1178
641	1115
641	958
642	871
642	904
642	939
642	820
642	777
643	968
643	907
643	686
643	952
644	969
644	779
644	973
644	819
644	649
645	738
645	995
645	887
645	813
645	914
646	818
646	788
646	660
646	892
646	991
647	812
647	654
647	893
648	913
648	789
648	666
649	769
649	962
649	936
650	771
650	976
650	745
650	791
651	880
651	747
651	842
651	1239
651	733
651	990
652	773
652	825
653	705
653	969
653	971
653	975
653	792
654	827
654	812
655	941
655	750
655	753
656	825
656	905
656	918
656	953
656	952
657	934
657	903
657	810
657	947
657	696
657	954
657	668
657	714
658	1440
658	1478
658	1484
658	837
658	1454
658	1434
658	1477
659	929
659	871
659	820
659	854
659	765
660	818
660	788
660	698
660	764
660	991
661	822
661	856
661	916
662	833
662	809
662	741
662	749
662	719
662	735
663	864
663	806
663	949
663	795
664	710
664	841
665	1235
665	1283
665	1286
665	1292
665	1258
665	1259
665	1388
665	1262
665	1264
665	1297
665	1299
665	1268
665	1385
665	1211
665	1244
666	913
667	793
667	823
668	934
668	810
668	944
668	947
668	797
669	870
669	778
670	771
670	1317
670	1294
670	1394
670	1363
670	1366
670	1368
670	1241
670	1311
670	1341
671	967
671	878
671	948
672	736
673	933
673	725
673	822
673	826
673	959
674	928
674	811
674	844
674	679
674	950
674	799
675	856
676	785
676	821
676	858
677	1147
677	681
677	1195
677	1197
677	862
677	766
678	837
678	761
679	811
679	794
680	863
680	839
680	683
680	840
680	690
681	838
681	1197
681	862
682	896
682	972
682	816
682	855
683	839
683	807
683	690
683	951
683	863
684	685
684	837
685	962
685	837
685	936
686	907
686	952
686	953
686	703
687	755
688	942
688	986
688	731
689	928
689	746
689	853
689	815
690	839
690	807
690	951
690	863
691	944
691	723
691	852
692	866
692	912
692	728
692	729
692	924
693	1186
693	1140
693	1183
693	860
694	717
694	855
695	998
695	974
695	787
696	923
696	901
696	947
697	836
697	927
698	897
698	923
698	762
699	739
699	711
699	964
700	882
700	856
700	884
701	864
701	771
701	976
701	795
701	949
702	841
702	790
703	711
704	895
704	772
704	712
704	778
704	715
704	726
704	767
705	993
705	969
705	859
705	958
706	865
706	740
706	1477
706	1416
706	1484
706	1483
706	780
707	928
707	738
707	935
707	914
707	950
707	799
708	770
708	835
708	994
709	871
709	785
711	739
711	964
712	988
712	778
713	805
713	877
713	858
713	798
714	960
714	903
714	954
714	808
714	947
714	810
715	772
715	726
715	767
716	1003
716	1028
716	1062
716	1098
716	1067
716	1069
716	1016
716	1049
716	1083
716	988
717	882
717	874
718	997
718	725
718	895
718	959
719	846
719	909
719	980
719	892
720	951
720	926
721	802
721	828
721	989
722	873
722	874
722	971
722	781
722	975
723	768
723	763
723	979
724	845
724	985
724	862
725	826
725	959
726	866
726	772
726	728
728	866
728	912
728	881
729	866
729	912
729	924
730	775
730	782
731	942
731	817
731	986
732	940
732	848
732	922
732	927
733	840
733	842
734	739
734	908
734	978
734	883
735	802
735	836
735	749
735	991
737	861
738	774
738	937
738	834
738	813
738	914
738	845
739	832
739	964
739	978
740	875
740	857
740	957
741	833
741	938
741	809
742	755
742	989
743	779
743	973
743	981
743	926
744	928
744	746
744	918
744	970
745	976
745	852
745	791
746	928
746	815
747	842
747	880
748	977
748	855
748	921
749	930
750	776
750	753
750	982
751	842
751	761
751	831
752	999
752	911
752	885
752	955
753	982
753	776
753	941
753	910
754	883
754	879
755	989
757	931
757	876
757	847
757	889
758	805
758	906
758	786
758	799
759	867
759	806
759	849
759	956
760	896
760	816
760	899
760	996
760	869
760	843
760	803
761	831
761	881
762	897
762	923
762	872
762	818
763	891
764	808
765	929
765	820
765	886
766	1162
766	1195
766	1171
766	862
766	1113
766	1178
766	1147
766	1125
767	895
767	772
767	793
768	868
768	961
768	794
769	962
769	840
769	936
770	993
770	994
770	851
770	859
770	958
771	791
771	976
772	895
773	804
773	918
773	953
773	825
773	965
774	937
774	813
774	782
774	914
775	799
776	982
776	819
777	904
777	983
777	920
778	870
778	888
779	973
779	819
779	943
779	926
780	865
780	1416
780	1452
780	1483
780	1037
780	1459
780	1494
780	1466
780	1022
781	993
781	874
781	958
781	859
782	937
782	813
782	914
783	868
783	909
783	846
783	784
783	980
784	868
784	909
784	846
784	980
785	821
786	906
786	799
787	997
787	998
787	974
788	808
788	818
788	892
789	931
789	893
790	841
791	976
791	795
792	873
792	971
792	940
792	975
792	848
793	847
793	823
794	961
795	864
795	949
796	933
796	925
797	934
797	818
798	805
798	945
798	844
798	886
798	887
800	974
800	860
801	915
801	925
802	991
802	824
802	828
803	896
803	996
803	843
803	939
803	816
803	899
804	951
804	965
805	877
805	886
806	849
807	839
807	863
808	892
810	960
810	934
810	903
810	954
811	844
811	935
811	950
811	834
812	827
812	907
812	952
813	937
813	914
813	845
814	966
815	853
816	896
816	977
816	843
816	996
816	899
817	932
817	871
817	821
818	991
820	929
820	996
820	871
820	939
822	869
822	916
823	847
824	828
825	970
825	918
826	972
827	870
827	894
828	838
828	989
829	1185
829	1187
829	1189
829	1128
829	1149
829	1106
829	1139
829	884
829	1151
829	1183
830	867
830	862
830	985
830	956
830	949
831	842
832	964
832	879
833	980
834	935
834	950
838	942
839	840
839	863
840	936
840	863
842	1253
842	1289
842	880
842	1291
842	1239
843	996
843	869
843	899
843	933
844	945
845	932
845	937
845	915
846	955
846	909
846	980
848	971
848	940
848	975
848	873
849	867
849	956
850	854
850	919
851	1152
851	1133
851	922
851	859
851	958
852	1250
852	1254
852	1255
852	1218
852	1293
853	868
853	961
854	919
857	984
857	957
858	987
859	993
859	922
859	958
860	997
860	974
861	985
861	949
864	949
866	912
867	956
869	899
869	996
869	916
869	933
870	888
871	939
872	897
872	985
873	874
873	971
875	901
875	984
876	931
876	902
877	886
878	948
878	891
878	918
878	979
879	1489
879	1046
879	1093
880	990
881	889
882	884
883	966
883	974
883	908
884	916
885	999
885	911
885	955
886	929
887	945
888	900
891	979
891	948
892	909
892	980
896	972
896	899
898	1121
898	1188
898	1157
898	1190
898	1159
898	1129
898	1131
898	1150
898	1138
898	1107
898	1108
898	1141
898	1143
898	1112
898	1124
898	1118
898	1173
899	996
899	977
900	946
901	923
903	947
903	954
904	941
904	910
904	920
904	930
905	965
905	953
906	907
906	952
907	953
907	952
908	964
908	978
909	955
909	980
910	938
910	941
911	999
912	924
913	987
914	937
915	932
915	937
917	992
917	995
918	970
920	938
921	972
922	958
925	933
926	981
927	940
929	939
930	983
930	932
935	950
936	962
940	971
942	986
943	981
947	954
948	979
953	965
955	999
957	984
958	1133
958	993
958	994
959	997
964	978
971	975
974	997
988	1098
988	1016
990	1280
990	1253
990	1250
990	1231
990	1236
990	1239
990	1295
992	995
993	994
994	1104
994	1133
994	1100
994	1101
1000	1408
1000	1088
1000	1058
1000	1411
1000	1060
1000	1451
1000	1068
1000	1421
1000	1040
1000	1462
1000	1464
1000	1018
1000	1436
1000	1405
1000	1086
1000	1023
1001	1043
1001	1410
1001	1094
1001	1031
1001	1068
1001	1042
1001	1075
1001	1012
1001	1079
1001	1080
1001	1403
1001	1084
1001	1406
1002	1409
1002	1058
1002	1029
1002	1489
1002	1449
1002	1004
1002	1005
1002	1009
1002	1462
1002	1496
1002	1405
1002	1093
1002	1055
1003	1027
1003	1028
1003	1062
1003	1098
1003	1067
1003	1069
1003	1038
1003	1051
1003	1073
1003	1083
1003	1016
1003	1019
1003	1085
1003	1087
1004	1090
1004	1058
1004	1094
1004	1005
1004	1071
1004	1048
1004	1044
1004	1496
1004	1012
1005	1058
1005	1489
1005	1096
1005	1496
1005	1026
1005	1012
1005	1048
1005	1464
1005	1017
1005	1042
1005	1405
1006	1408
1006	1442
1006	1060
1006	1445
1006	1063
1006	1448
1006	1481
1006	1419
1006	1425
1006	1491
1006	1046
1007	1057
1007	1091
1007	1061
1007	1032
1007	1068
1007	1424
1007	1079
1007	1080
1007	1081
1007	1403
1007	1084
1007	1053
1007	1407
1008	1040
1008	1448
1008	1025
1008	1445
1008	1089
1008	1063
1008	1032
1008	1034
1008	1099
1008	1421
1008	1041
1008	1491
1008	1046
1008	1400
1008	1054
1008	1011
1009	1409
1009	1090
1009	1029
1009	1094
1009	1449
1009	1071
1009	1462
1009	1496
1009	1050
1009	1055
1010	1025
1010	1028
1010	1062
1010	1098
1010	1099
1010	1069
1010	1038
1010	1072
1010	1011
1010	1077
1010	1016
1010	1085
1010	1054
1010	1087
1011	1025
1011	1445
1011	1033
1011	1041
1011	1492
1011	1400
1011	1054
1012	1094
1012	1031
1012	1096
1012	1068
1012	1080
1012	1042
1012	1075
1012	1013
1012	1079
1012	1496
1012	1044
1012	1403
1012	1084
1012	1071
1013	1014
1013	1030
1013	1095
1013	1096
1013	1036
1013	1031
1013	1068
1013	1422
1013	1075
1013	1078
1013	1079
1013	1044
1013	1084
1013	1070
1014	1026
1014	1078
1014	1096
1014	1079
1014	1070
1014	1422
1014	1075
1014	1403
1015	1057
1015	1091
1015	1061
1015	1062
1015	1035
1015	1424
1015	1074
1015	1401
1015	1053
1016	1028
1016	1062
1016	1098
1016	1069
1016	1038
1016	1072
1016	1077
1017	1088
1017	1026
1017	1058
1017	1095
1017	1066
1017	1048
1017	1464
1017	1405
1017	1023
1018	1408
1018	1415
1018	1449
1018	1489
1018	1076
1018	1464
1018	1465
1018	1436
1018	1405
1018	1023
1019	1024
1019	1027
1019	1030
1019	1064
1019	1036
1019	1038
1019	1072
1019	1067
1019	1070
1019	1078
1019	1047
1019	1077
1020	1057
1020	1411
1020	1473
1020	1035
1020	1422
1020	1453
1020	1441
1020	1059
1020	1045
1020	1430
1020	1401
1021	1475
1021	1446
1021	1480
1021	1450
1021	1469
1021	1456
1021	1041
1021	1426
1021	1497
1021	1400
1021	1433
1021	1498
1021	1499
1021	1468
1021	1471
1022	1447
1022	1065
1022	1037
1022	1452
1022	1050
1022	1049
1022	1466
1022	1083
1022	1082
1023	1088
1023	1058
1023	1060
1023	1066
1023	1026
1023	1040
1023	1489
1023	1076
1023	1464
1023	1405
1023	1086
1024	1090
1024	1027
1024	1029
1024	1073
1024	1064
1024	1036
1024	1051
1024	1032
1024	1047
1024	1048
1024	1087
1025	1445
1025	1063
1025	1033
1025	1041
1025	1400
1025	1054
1026	1088
1026	1058
1026	1095
1026	1096
1026	1066
1026	1048
1026	1076
1026	1464
1026	1086
1027	1072
1027	1089
1027	1073
1027	1032
1027	1087
1027	1039
1027	1051
1027	1064
1027	1099
1027	1067
1027	1038
1027	1047
1027	1081
1027	1077
1028	1098
1028	1069
1028	1038
1028	1072
1028	1077
1028	1087
1029	1089
1029	1090
1029	1064
1029	1048
1029	1496
1029	1050
1029	1051
1029	1093
1029	1055
1030	1057
1030	1059
1030	1070
1030	1053
1030	1075
1030	1422
1030	1078
1031	1075
1031	1071
1031	1043
1031	1078
1031	1079
1031	1080
1031	1084
1032	1040
1032	1072
1032	1088
1032	1099
1032	1038
1032	1081
1032	1095
1032	1039
1032	1034
1032	1086
1032	1407
1033	1445
1033	1063
1033	1034
1033	1451
1033	1491
1033	1425
1033	1493
1033	1054
1034	1408
1034	1040
1034	1099
1034	1473
1034	1451
1034	1039
1034	1425
1034	1054
1034	1407
1035	1057
1035	1061
1035	1424
1035	1074
1035	1045
1035	1430
1035	1401
1035	1407
1036	1064
1036	1070
1036	1044
1036	1078
1036	1047
1036	1048
1037	1447
1037	1452
1037	1455
1037	1043
1037	1406
1037	1097
1037	1049
1037	1466
1037	1468
1037	1082
1038	1099
1038	1098
1038	1039
1038	1072
1038	1077
1038	1087
1039	1088
1039	1072
1039	1093
1039	1095
1039	1099
1039	1040
1039	1066
1039	1086
1039	1087
1040	1088
1040	1058
1040	1451
1040	1060
1040	1093
1040	1095
1040	1099
1040	1408
1040	1048
1040	1063
1040	1055
1040	1066
1040	1086
1041	1446
1041	1448
1041	1469
1041	1426
1041	1492
1041	1433
1041	1400
1041	1497
1041	1471
1042	1409
1042	1463
1042	1449
1042	1079
1042	1459
1042	1464
1042	1403
1043	1075
1043	1094
1043	1080
1043	1082
1043	1084
1043	1406
1044	1090
1044	1094
1044	1064
1044	1071
1044	1096
1044	1075
1044	1047
1044	1048
1044	1084
1045	1473
1045	1467
1045	1057
1045	1424
1045	1457
1045	1074
1045	1430
1045	1401
1045	1435
1045	1407
1046	1445
1046	1063
1046	1448
1046	1491
1046	1433
1046	1498
1046	1499
1047	1090
1047	1064
1047	1051
1047	1048
1048	1088
1048	1058
1048	1090
1048	1095
1048	1064
1048	1496
1048	1086
1049	1065
1049	1073
1049	1082
1049	1466
1049	1083
1049	1468
1049	1085
1050	1089
1050	1090
1050	1094
1050	1073
1050	1421
1050	1071
1050	1462
1050	1496
1050	1084
1050	1082
1050	1055
1051	1089
1051	1090
1051	1064
1051	1087
1052	1056
1052	1475
1052	1476
1052	1415
1052	1486
1052	1456
1052	1426
1052	1428
1052	1431
1052	1432
1052	1465
1052	1438
1053	1057
1053	1091
1053	1061
1053	1401
1053	1059
1053	1078
1053	1080
1053	1081
1053	1062
1053	1084
1053	1407
1054	1451
1054	1445
1054	1063
1054	1099
1054	1493
1055	1089
1055	1090
1055	1073
1055	1421
1055	1462
1055	1496
1055	1081
1055	1086
1056	1458
1056	1475
1056	1092
1056	1479
1056	1097
1056	1421
1056	1455
1056	1424
1056	1074
1056	1426
1056	1495
1056	1082
1057	1091
1057	1061
1057	1059
1057	1081
1057	1401
1057	1407
1058	1088
1058	1093
1058	1496
1058	1464
1058	1405
1058	1086
1059	1098
1059	1422
1059	1072
1059	1070
1059	1078
1059	1401
1060	1408
1060	1088
1060	1093
1060	1063
1060	1066
1060	1451
1060	1491
1061	1091
1061	1062
1061	1424
1061	1080
1061	1081
1061	1084
1062	1091
1062	1069
1062	1073
1062	1067
1062	1083
1062	1085
1063	1408
1063	1445
1063	1066
1063	1451
1063	1425
1063	1491
1063	1093
1064	1090
1064	1067
1064	1073
1065	1089
1065	1446
1065	1447
1065	1495
1065	1452
1065	1421
1065	1455
1065	1073
1065	1497
1065	1400
1065	1082
1065	1468
1065	1085
1066	1088
1066	1095
1067	1073
1067	1083
1067	1091
1067	1085
1068	1410
1068	1411
1068	1095
1068	1422
1068	1458
1068	1079
1068	1081
1068	1403
1068	1086
1068	1407
1069	1446
1069	1073
1069	1098
1069	1400
1069	1497
1069	1083
1069	1085
1070	1078
1070	1096
1070	1075
1070	1422
1071	1090
1071	1094
1071	1496
1072	1098
1072	1099
1072	1077
1073	1089
1073	1081
1073	1083
1073	1085
1074	1475
1074	1092
1074	1458
1074	1455
1074	1424
1074	1430
1074	1469
1075	1078
1075	1096
1075	1079
1075	1084
1076	1473
1076	1411
1076	1414
1076	1441
1076	1451
1076	1465
1076	1436
1077	1098
1077	1099
1077	1087
1078	1096
1078	1422
1078	1079
1078	1080
1078	1084
1079	1410
1079	1096
1079	1422
1079	1080
1079	1403
1079	1084
1080	1091
1080	1081
1080	1082
1080	1403
1080	1084
1081	1099
1081	1091
1081	1407
1081	1084
1081	1086
1082	1447
1082	1479
1082	1452
1082	1455
1082	1406
1082	1097
1082	1495
1082	1421
1082	1466
1083	1091
1083	1085
1084	1091
1084	1403
1085	1089
1085	1400
1085	1087
1086	1088
1086	1411
1086	1095
1086	1407
1086	1464
1087	1089
1088	1095
1088	1405
1089	1400
1090	1496
1090	1093
1092	1475
1092	1447
1092	1417
1092	1452
1092	1455
1092	1424
1092	1406
1092	1097
1092	1469
1092	1470
1093	1491
1094	1462
1094	1496
1095	1422
1095	1407
1097	1475
1097	1479
1097	1447
1097	1452
1097	1455
1097	1495
1097	1483
1097	1402
1097	1406
1097	1466
1099	1407
1100	1104
1100	1155
1100	1142
1100	1101
1100	1169
1100	1106
1100	1110
1100	1114
1100	1179
1100	1180
1101	1104
1101	1122
1101	1191
1101	1133
1101	1169
1101	1110
1101	1112
1101	1114
1101	1180
1102	1123
1102	1189
1102	1126
1102	1128
1102	1149
1102	1172
1102	1198
1102	1140
1102	1150
1103	1191
1103	1192
1103	1161
1103	1194
1103	1131
1103	1137
1103	1175
1103	1160
1103	1119
1104	1122
1104	1121
1104	1133
1104	1169
1104	1112
1104	1180
1105	1153
1105	1186
1105	1156
1105	1128
1105	1163
1105	1164
1105	1140
1105	1173
1105	1143
1105	1148
1105	1182
1105	1151
1106	1185
1106	1187
1106	1189
1106	1139
1106	1110
1106	1176
1106	1144
1106	1151
1107	1153
1107	1148
1107	1131
1107	1186
1107	1199
1107	1137
1107	1197
1107	1109
1107	1143
1107	1193
1107	1147
1107	1116
1107	1173
1108	1185
1108	1196
1108	1129
1108	1130
1108	1164
1108	1176
1108	1171
1108	1174
1108	1144
1108	1118
1108	1183
1109	1147
1109	1124
1109	1131
1109	1165
1109	1197
1109	1195
1109	1114
1109	1199
1109	1116
1109	1118
1110	1155
1110	1124
1110	1142
1110	1158
1110	1134
1110	1114
1110	1179
1110	1180
1110	1117
1111	1184
1111	1190
1111	1129
1111	1164
1111	1136
1111	1138
1111	1174
1111	1146
1111	1115
1111	1182
1112	1120
1112	1122
1112	1188
1112	1190
1112	1121
1112	1129
1112	1133
1112	1169
1112	1176
1112	1167
1112	1180
1113	1152
1113	1125
1113	1159
1113	1130
1113	1118
1113	1136
1113	1162
1113	1171
1113	1141
1113	1174
1113	1181
1114	1185
1114	1122
1114	1179
1114	1124
1114	1191
1114	1131
1114	1165
1114	1169
1114	1199
1114	1180
1114	1118
1115	1120
1115	1190
1115	1168
1115	1135
1115	1136
1115	1138
1115	1152
1115	1177
1115	1146
1116	1195
1116	1160
1116	1148
1116	1194
1116	1131
1116	1166
1116	1137
1116	1170
1116	1145
1116	1178
1116	1147
1116	1141
1116	1173
1117	1155
1117	1142
1117	1158
1117	1193
1117	1131
1117	1132
1117	1198
1117	1137
1117	1134
1117	1179
1117	1119
1118	1124
1118	1125
1118	1159
1118	1162
1118	1195
1118	1196
1118	1122
1118	1165
1118	1169
1118	1171
1118	1144
1118	1180
1118	1141
1119	1158
1119	1191
1119	1160
1119	1161
1119	1131
1119	1132
1119	1198
1119	1137
1119	1170
1119	1193
1120	1136
1120	1154
1120	1121
1120	1152
1120	1133
1120	1135
1120	1168
1120	1175
1120	1146
1120	1162
1121	1154
1121	1188
1121	1157
1121	1126
1121	1135
1121	1169
1121	1189
1121	1150
1121	1190
1122	1185
1122	1124
1122	1159
1122	1196
1122	1165
1122	1169
1122	1176
1122	1144
1122	1180
1123	1153
1123	1188
1123	1189
1123	1126
1123	1198
1123	1155
1123	1172
1123	1142
1123	1179
1123	1150
1123	1151
1124	1159
1124	1131
1124	1165
1124	1169
1124	1199
1124	1180
1124	1191
1124	1141
1125	1152
1125	1130
1125	1136
1125	1162
1125	1171
1125	1174
1125	1181
1125	1141
1126	1157
1126	1154
1126	1188
1126	1189
1126	1139
1126	1172
1126	1177
1126	1151
1126	1150
1126	1190
1127	1184
1127	1129
1127	1130
1127	1163
1127	1167
1127	1136
1127	1139
1127	1174
1127	1176
1128	1187
1128	1156
1128	1190
1128	1129
1128	1163
1128	1164
1128	1149
1128	1139
1128	1140
1128	1151
1129	1163
1129	1164
1129	1167
1129	1174
1129	1176
1129	1181
1129	1182
1129	1184
1129	1190
1129	1130
1129	1136
1129	1138
1129	1143
1129	1144
1129	1146
1130	1184
1130	1164
1130	1167
1130	1176
1130	1174
1130	1144
1130	1181
1131	1191
1131	1158
1131	1159
1131	1160
1131	1193
1131	1165
1131	1137
1131	1170
1131	1199
1132	1155
1132	1158
1132	1193
1132	1199
1132	1134
1132	1142
1132	1179
1133	1162
1133	1169
1133	1152
1133	1167
1134	1155
1134	1142
1134	1158
1134	1193
1134	1199
1134	1179
1134	1183
1135	1154
1135	1188
1135	1157
1135	1161
1135	1168
1135	1175
1135	1177
1135	1150
1136	1152
1136	1190
1136	1162
1136	1167
1136	1138
1136	1141
1136	1174
1136	1146
1136	1181
1137	1158
1137	1160
1137	1193
1137	1194
1137	1170
1137	1145
1137	1147
1138	1168
1138	1188
1138	1157
1138	1190
1138	1182
1138	1143
1138	1164
1138	1154
1138	1166
1138	1173
1138	1146
1138	1148
1138	1150
1138	1141
1139	1187
1139	1156
1139	1189
1139	1163
1139	1167
1139	1176
1139	1151
1140	1153
1140	1186
1140	1156
1140	1163
1140	1172
1140	1149
1140	1151
1141	1159
1141	1162
1141	1195
1141	1171
1141	1146
1141	1178
1142	1158
1142	1155
1142	1198
1142	1179
1142	1150
1142	1189
1143	1153
1143	1188
1143	1190
1143	1164
1143	1186
1143	1173
1143	1156
1143	1148
1143	1182
1143	1151
1144	1185
1144	1196
1144	1176
1144	1171
1144	1174
1145	1160
1145	1192
1145	1194
1145	1166
1145	1170
1145	1161
1145	1178
1145	1147
1146	1168
1146	1190
1146	1152
1146	1167
1146	1174
1146	1182
1147	1160
1147	1194
1147	1195
1147	1197
1147	1166
1147	1170
1147	1178
1148	1153
1148	1186
1148	1164
1148	1197
1148	1166
1148	1173
1148	1182
1149	1153
1149	1187
1149	1156
1149	1163
1149	1172
1149	1151
1150	1154
1150	1188
1150	1157
1150	1189
1150	1198
1150	1172
1150	1173
1150	1177
1150	1190
1151	1153
1151	1156
1151	1187
1151	1189
1151	1163
1151	1183
1151	1176
1151	1190
1152	1162
1152	1181
1152	1178
1153	1186
1153	1156
1153	1173
1153	1183
1154	1188
1154	1157
1154	1192
1154	1161
1154	1198
1154	1168
1154	1175
1154	1177
1155	1158
1155	1198
1155	1179
1155	1189
1156	1187
1156	1163
1156	1164
1156	1183
1157	1188
1157	1198
1157	1168
1157	1173
1157	1175
1157	1177
1157	1190
1158	1193
1158	1199
1158	1179
1159	1195
1159	1162
1159	1171
1159	1180
1159	1191
1160	1186
1160	1192
1160	1161
1160	1194
1160	1166
1160	1168
1160	1170
1160	1173
1161	1194
1161	1198
1161	1168
1161	1192
1161	1175
1161	1177
1162	1180
1163	1184
1163	1187
1163	1190
1163	1164
1164	1184
1164	1190
1164	1174
1164	1181
1164	1182
1165	1185
1165	1196
1165	1199
1165	1197
1165	1180
1165	1183
1166	1194
1166	1178
1166	1182
1167	1184
1167	1190
1167	1174
1168	1194
1168	1192
1168	1175
1168	1177
1168	1178
1169	1191
1169	1180
1170	1193
1170	1194
1171	1195
1171	1196
1171	1197
1171	1181
1172	1188
1172	1189
1172	1198
1173	1188
1173	1186
1174	1184
1174	1190
1174	1181
1174	1182
1175	1191
1175	1192
1175	1194
1176	1185
1176	1187
1176	1196
1177	1198
1178	1192
1178	1194
1178	1195
1180	1196
1180	1191
1181	1184
1182	1186
1183	1185
1183	1197
1183	1199
1185	1196
1187	1189
1188	1189
1188	1198
1188	1190
1189	1198
1192	1194
1193	1197
1193	1199
1195	1197
1197	1199
1200	1248
1200	1280
1200	1286
1200	1226
1200	1292
1200	1266
1200	1295
1200	1297
1200	1202
1200	1268
1200	1238
1200	1242
1200	1215
1200	1212
1200	1213
1200	1247
1201	1248
1201	1223
1201	1255
1201	1230
1201	1266
1201	1246
1201	1238
1201	1279
1201	1212
1201	1374
1201	1247
1202	1283
1202	1253
1202	1286
1202	1224
1202	1289
1202	1290
1202	1297
1202	1268
1202	1239
1202	1242
1202	1276
1202	1226
1203	1376
1203	1217
1203	1219
1203	1285
1203	1296
1203	1396
1203	1208
1203	1209
1203	1278
1204	1281
1204	1259
1204	1229
1204	1265
1204	1267
1204	1237
1204	1207
1204	1272
1204	1243
1204	1244
1204	1205
1205	1313
1205	1257
1205	1259
1205	1356
1205	1359
1205	1265
1205	1234
1205	1267
1205	1302
1205	1336
1206	1376
1206	1217
1206	1284
1206	1285
1206	1227
1206	1261
1206	1208
1206	1273
1206	1278
1207	1281
1207	1282
1207	1252
1207	1222
1207	1254
1207	1265
1207	1225
1207	1258
1207	1231
1207	1232
1207	1233
1207	1272
1207	1274
1207	1244
1207	1214
1208	1376
1208	1249
1208	1284
1208	1270
1208	1217
1208	1227
1208	1261
1208	1210
1208	1278
1208	1285
1209	1376
1209	1217
1209	1218
1209	1285
1209	1223
1209	1287
1209	1388
1209	1262
1209	1296
1209	1268
1209	1270
1209	1255
1210	1376
1210	1217
1210	1219
1210	1224
1210	1385
1210	1227
1210	1388
1210	1261
1210	1262
1210	1264
1210	1283
1210	1269
1211	1275
1211	1222
1211	1351
1211	1292
1211	1230
1211	1299
1211	1333
1211	1369
1211	1244
1211	1245
1212	1248
1212	1280
1212	1223
1212	1226
1212	1255
1212	1292
1212	1296
1212	1266
1212	1268
1212	1238
1212	1215
1212	1213
1212	1247
1213	1221
1213	1226
1213	1388
1213	1262
1213	1268
1213	1246
1213	1398
1213	1275
1213	1374
1213	1215
1214	1264
1214	1259
1214	1284
1214	1258
1214	1356
1214	1232
1214	1233
1214	1271
1214	1273
1214	1274
1215	1248
1215	1360
1215	1221
1215	1226
1215	1246
1215	1398
1215	1338
1215	1374
1216	1316
1216	1291
1216	1263
1216	1234
1216	1235
1216	1302
1216	1306
1216	1359
1216	1276
1217	1376
1217	1218
1217	1219
1217	1285
1217	1227
1217	1262
1217	1278
1218	1219
1218	1287
1218	1388
1218	1228
1218	1325
1218	1262
1218	1293
1218	1232
1218	1233
1219	1376
1219	1227
1219	1388
1219	1393
1219	1396
1219	1269
1220	1312
1220	1378
1220	1348
1220	1221
1220	1351
1220	1256
1220	1230
1220	1361
1220	1369
1220	1275
1220	1341
1220	1279
1221	1378
1221	1339
1221	1351
1221	1348
1221	1390
1221	1230
1221	1279
1221	1360
1221	1361
1221	1246
1221	1398
1221	1369
1221	1275
1221	1374
1222	1281
1222	1282
1222	1243
1222	1252
1222	1254
1222	1225
1222	1292
1222	1295
1222	1299
1222	1237
1222	1272
1222	1241
1222	1244
1222	1245
1223	1287
1223	1248
1223	1250
1223	1255
1223	1388
1223	1262
1223	1296
1223	1266
1223	1374
1223	1247
1224	1249
1224	1283
1224	1385
1224	1290
1224	1261
1224	1297
1224	1235
1224	1270
1224	1289
1224	1240
1224	1276
1225	1252
1225	1254
1225	1229
1225	1265
1225	1298
1225	1237
1225	1272
1225	1243
1225	1244
1226	1248
1226	1296
1226	1286
1226	1266
1226	1262
1226	1297
1226	1268
1226	1270
1226	1290
1227	1376
1227	1284
1227	1270
1227	1249
1227	1261
1227	1264
1227	1271
1227	1273
1227	1278
1227	1285
1228	1351
1228	1388
1228	1325
1228	1262
1228	1361
1228	1305
1228	1370
1228	1374
1229	1377
1229	1380
1229	1254
1229	1233
1229	1320
1229	1325
1229	1265
1229	1298
1229	1272
1229	1391
1229	1244
1230	1275
1230	1351
1230	1256
1230	1279
1230	1238
1230	1369
1230	1245
1230	1374
1230	1247
1231	1280
1231	1281
1231	1250
1231	1252
1231	1253
1231	1286
1231	1239
1231	1295
1231	1232
1231	1236
1232	1252
1232	1254
1232	1287
1232	1258
1232	1271
1232	1250
1232	1233
1232	1293
1232	1272
1232	1273
1232	1274
1233	1264
1233	1259
1233	1252
1233	1254
1233	1287
1233	1258
1233	1271
1233	1272
1233	1273
1233	1274
1234	1313
1234	1291
1234	1316
1234	1257
1234	1259
1234	1359
1234	1267
1234	1302
1234	1336
1234	1306
1235	1344
1235	1283
1235	1302
1235	1385
1235	1259
1235	1263
1235	1398
1235	1240
1235	1291
1235	1359
1235	1310
1236	1280
1236	1250
1236	1285
1236	1286
1236	1287
1236	1266
1236	1270
1236	1239
1236	1268
1236	1295
1236	1253
1237	1281
1237	1282
1237	1294
1237	1265
1237	1298
1237	1241
1237	1243
1237	1244
1238	1292
1238	1275
1238	1245
1238	1374
1238	1247
1239	1280
1239	1250
1239	1253
1239	1289
1239	1270
1239	1242
1239	1290
1240	1344
1240	1249
1240	1318
1240	1385
1240	1386
1240	1291
1240	1302
1240	1257
1241	1281
1241	1282
1241	1389
1241	1392
1241	1333
1241	1275
1241	1245
1242	1253
1242	1286
1242	1289
1242	1290
1242	1297
1242	1268
1242	1276
1243	1281
1243	1380
1243	1389
1243	1294
1243	1265
1243	1298
1244	1282
1244	1252
1244	1254
1244	1351
1244	1258
1244	1298
1244	1299
1244	1272
1244	1245
1245	1282
1245	1275
1245	1351
1245	1292
1245	1295
1245	1247
1246	1378
1246	1339
1246	1369
1246	1338
1246	1374
1246	1279
1247	1292
1247	1295
1247	1266
1247	1268
1248	1255
1248	1296
1248	1266
1249	1284
1249	1289
1249	1290
1249	1261
1249	1270
1249	1257
1249	1278
1250	1280
1250	1287
1250	1293
1250	1295
1250	1255
1251	1303
1251	1345
1251	1346
1251	1377
1251	1320
1251	1367
1251	1357
1251	1373
1251	1383
1251	1332
1251	1334
1251	1335
1251	1309
1251	1310
1252	1281
1252	1254
1252	1265
1252	1258
1252	1293
1252	1272
1253	1281
1253	1286
1253	1289
1253	1297
1253	1276
1254	1293
1254	1272
1255	1285
1255	1293
1255	1262
1255	1296
1255	1266
1256	1312
1256	1351
1256	1380
1256	1362
1256	1368
1256	1369
1256	1371
1257	1291
1257	1386
1257	1259
1257	1359
1257	1264
1257	1336
1257	1302
1258	1287
1258	1264
1258	1259
1258	1286
1258	1297
1258	1271
1258	1262
1258	1299
1258	1272
1258	1274
1259	1283
1259	1267
1259	1359
1259	1264
1259	1302
1259	1385
1259	1274
1259	1271
1260	1344
1260	1379
1260	1322
1260	1390
1260	1396
1260	1334
1260	1304
1260	1305
1260	1370
1260	1343
1261	1376
1261	1284
1261	1270
1261	1289
1261	1264
1261	1271
1261	1273
1262	1287
1262	1285
1262	1388
1262	1297
1262	1299
1262	1268
1262	1374
1263	1392
1263	1346
1263	1316
1263	1319
1263	1384
1263	1291
1263	1389
1263	1360
1263	1364
1263	1310
1263	1302
1263	1306
1263	1342
1264	1269
1264	1271
1264	1274
1264	1385
1265	1356
1265	1391
1265	1298
1265	1267
1265	1272
1266	1280
1267	1313
1267	1356
1267	1359
1267	1336
1268	1283
1268	1290
1268	1286
1268	1292
1268	1295
1268	1297
1268	1299
1269	1377
1269	1353
1269	1388
1269	1325
1269	1393
1269	1332
1270	1285
1270	1289
1270	1290
1270	1297
1270	1278
1271	1284
1271	1287
1271	1273
1271	1274
1272	1299
1273	1284
1273	1287
1273	1293
1273	1274
1274	1356
1275	1392
1275	1378
1275	1351
1275	1360
1275	1333
1275	1369
1275	1310
1276	1283
1276	1385
1276	1290
1276	1291
1276	1297
1276	1289
1277	1392
1277	1346
1277	1347
1277	1348
1277	1319
1277	1378
1277	1326
1277	1360
1277	1331
1277	1333
1277	1339
1277	1310
1278	1376
1278	1285
1278	1296
1279	1351
1279	1361
1279	1322
1279	1369
1279	1374
1280	1286
1280	1292
1280	1295
1281	1282
1282	1292
1282	1295
1283	1385
1283	1299
1283	1388
1283	1297
1283	1398
1283	1290
1284	1376
1285	1376
1285	1287
1285	1296
1286	1287
1286	1295
1286	1292
1286	1297
1286	1299
1287	1293
1288	1377
1288	1371
1288	1349
1288	1353
1288	1325
1288	1357
1288	1329
1288	1362
1288	1379
1288	1332
1288	1301
1288	1305
1288	1370
1288	1307
1288	1309
1289	1290
1290	1297
1291	1316
1291	1302
1292	1295
1292	1297
1292	1299
1293	1325
1294	1371
1294	1380
1294	1381
1294	1362
1294	1298
1294	1363
1294	1366
1294	1368
1294	1372
1295	1299
1297	1385
1297	1299
1298	1371
1298	1380
1298	1320
1298	1362
1299	1388
1300	1355
1300	1350
1300	1383
1300	1323
1300	1324
1300	1327
1300	1397
1300	1399
1300	1337
1300	1340
1300	1373
1300	1375
1301	1377
1301	1349
1301	1393
1301	1353
1301	1356
1301	1357
1301	1325
1301	1329
1301	1391
1301	1332
1301	1307
1302	1313
1302	1316
1302	1384
1302	1386
1302	1336
1302	1359
1302	1342
1303	1346
1303	1317
1303	1382
1303	1383
1303	1384
1303	1321
1303	1347
1303	1399
1303	1314
1303	1389
1303	1352
1303	1394
1303	1331
1303	1364
1303	1306
1303	1342
1304	1350
1304	1322
1304	1387
1304	1365
1304	1305
1304	1370
1304	1340
1304	1373
1304	1343
1305	1379
1305	1322
1305	1325
1305	1362
1305	1353
1305	1370
1305	1371
1306	1347
1306	1316
1306	1382
1306	1384
1306	1321
1306	1389
1306	1352
1306	1364
1306	1342
1307	1349
1307	1353
1307	1391
1307	1328
1307	1329
1307	1363
1307	1399
1307	1372
1308	1344
1308	1345
1308	1367
1308	1315
1308	1318
1308	1354
1308	1323
1308	1327
1308	1395
1308	1396
1308	1397
1308	1334
1308	1335
1308	1337
1308	1355
1308	1343
1309	1377
1309	1383
1309	1335
1309	1357
1309	1373
1309	1320
1309	1332
1309	1399
1309	1367
1309	1372
1310	1346
1310	1348
1310	1319
1310	1320
1310	1331
1310	1326
1310	1360
1310	1361
1310	1364
1310	1390
1310	1398
1310	1369
1311	1314
1311	1317
1311	1350
1311	1381
1311	1352
1311	1363
1311	1358
1311	1341
1311	1394
1311	1331
1311	1366
1311	1373
1312	1381
1312	1350
1312	1322
1312	1387
1312	1362
1312	1363
1312	1368
1312	1371
1313	1382
1313	1384
1313	1386
1313	1356
1313	1359
1313	1336
1313	1391
1314	1347
1314	1317
1314	1350
1314	1352
1314	1321
1314	1358
1314	1394
1314	1331
1314	1366
1314	1341
1315	1379
1315	1349
1315	1318
1315	1354
1315	1335
1315	1328
1315	1393
1315	1396
1315	1397
1315	1367
1315	1337
1315	1343
1316	1352
1316	1359
1316	1342
1317	1347
1317	1352
1317	1358
1317	1394
1317	1331
1317	1366
1317	1341
1318	1344
1318	1386
1318	1367
1318	1393
1318	1395
1318	1396
1318	1334
1318	1335
1319	1392
1319	1346
1319	1347
1319	1326
1319	1360
1319	1331
1319	1364
1319	1333
1320	1377
1320	1346
1320	1380
1320	1351
1320	1362
1320	1357
1320	1332
1320	1371
1321	1382
1321	1383
1321	1384
1321	1357
1321	1364
1321	1366
1321	1399
1321	1372
1322	1387
1322	1362
1322	1370
1322	1343
1323	1345
1323	1367
1323	1355
1323	1383
1323	1354
1323	1324
1323	1327
1323	1395
1323	1397
1323	1334
1323	1335
1323	1337
1323	1375
1324	1345
1324	1355
1324	1383
1324	1354
1324	1327
1324	1395
1324	1397
1324	1399
1324	1337
1324	1375
1325	1377
1325	1349
1325	1353
1325	1370
1326	1345
1326	1346
1326	1348
1326	1390
1326	1360
1326	1361
1326	1331
1326	1358
1326	1339
1326	1365
1327	1345
1327	1355
1327	1383
1327	1340
1327	1358
1327	1330
1327	1395
1327	1365
1327	1334
1327	1337
1327	1373
1327	1375
1328	1349
1328	1354
1328	1355
1328	1329
1328	1379
1328	1397
1328	1337
1329	1379
1329	1349
1329	1353
1329	1354
1329	1357
1329	1391
1329	1367
1330	1344
1330	1345
1330	1390
1330	1365
1330	1334
1330	1338
1330	1339
1330	1340
1331	1347
1331	1352
1331	1389
1331	1346
1331	1373
1331	1394
1331	1364
1331	1358
1332	1377
1332	1382
1332	1384
1332	1353
1332	1354
1332	1367
1332	1357
1332	1393
1332	1335
1333	1347
1333	1389
1333	1392
1333	1364
1333	1369
1334	1344
1334	1345
1334	1340
1334	1390
1334	1395
1334	1365
1334	1335
1334	1343
1335	1337
1335	1386
1335	1367
1335	1354
1335	1357
1335	1393
1335	1397
1335	1395
1335	1379
1336	1386
1336	1356
1336	1359
1337	1354
1337	1397
1337	1367
1337	1355
1337	1343
1337	1375
1338	1378
1338	1348
1338	1390
1338	1365
1338	1339
1338	1340
1339	1378
1339	1348
1339	1390
1339	1361
1339	1365
1339	1340
1340	1387
1340	1355
1340	1358
1340	1365
1340	1373
1340	1343
1341	1347
1341	1352
1341	1378
1341	1358
1341	1394
1342	1345
1342	1346
1342	1383
1342	1384
1342	1395
1342	1364
1343	1379
1343	1355
1343	1365
1343	1387
1344	1393
1344	1390
1344	1361
1344	1396
1344	1398
1345	1346
1345	1395
1346	1348
1346	1358
1346	1347
1346	1389
1346	1364
1346	1373
1347	1352
1347	1389
1347	1392
1347	1394
1347	1364
1348	1378
1348	1390
1348	1361
1348	1365
1349	1379
1349	1393
1349	1353
1349	1391
1349	1367
1350	1381
1350	1387
1350	1358
1350	1363
1350	1373
1351	1388
1351	1380
1351	1362
1351	1361
1351	1369
1351	1371
1351	1374
1352	1389
1352	1394
1353	1377
1353	1379
1353	1393
1353	1391
1354	1367
1354	1395
1354	1397
1354	1399
1354	1379
1354	1375
1355	1397
1356	1391
1357	1384
1357	1382
1357	1377
1357	1399
1357	1367
1357	1372
1358	1365
1358	1394
1358	1383
1358	1373
1358	1375
1359	1384
1359	1386
1360	1392
1360	1378
1360	1398
1361	1390
1361	1398
1361	1369
1361	1370
1362	1380
1362	1381
1362	1368
1362	1370
1362	1371
1363	1381
1363	1387
1363	1366
1363	1368
1363	1372
1364	1380
1364	1382
1364	1384
1364	1389
1365	1387
1365	1373
1366	1380
1366	1381
1366	1394
1366	1368
1366	1372
1367	1393
1367	1397
1367	1379
1368	1380
1368	1381
1368	1371
1369	1374
1370	1387
1370	1371
1371	1380
1372	1381
1372	1391
1372	1399
1373	1381
1373	1383
1373	1387
1374	1388
1375	1383
1375	1397
1375	1399
1377	1393
1378	1392
1379	1393
1379	1396
1379	1397
1380	1389
1382	1383
1382	1384
1382	1399
1383	1399
1385	1398
1386	1393
1388	1398
1388	1390
1389	1392
1389	1394
1390	1396
1390	1398
1393	1396
1395	1397
1400	1446
1400	1492
1400	1497
1400	1471
1400	1469
1401	1473
1401	1422
1401	1430
1401	1407
1402	1409
1402	1483
1402	1462
1402	1479
1402	1449
1402	1495
1402	1427
1402	1461
1402	1494
1402	1438
1403	1410
1403	1411
1403	1463
1403	1458
1404	1472
1404	1474
1404	1475
1404	1423
1404	1456
1404	1457
1404	1443
1404	1460
1404	1429
1404	1428
1404	1437
1404	1470
1404	1469
1405	1489
1405	1464
1405	1436
1406	1410
1406	1459
1406	1479
1406	1463
1406	1452
1407	1411
1407	1422
1408	1448
1408	1451
1408	1425
1408	1491
1408	1436
1409	1479
1409	1449
1409	1427
1409	1462
1409	1496
1409	1489
1410	1488
1410	1453
1410	1424
1410	1458
1410	1463
1411	1473
1411	1414
1411	1441
1411	1436
1411	1453
1411	1458
1412	1415
1412	1416
1412	1417
1412	1431
1412	1459
1412	1458
1412	1427
1412	1463
1412	1432
1412	1482
1413	1444
1413	1480
1413	1484
1413	1450
1413	1420
1413	1485
1413	1454
1413	1423
1413	1490
1413	1460
1413	1487
1413	1437
1414	1441
1414	1473
1414	1418
1414	1458
1414	1465
1414	1436
1414	1439
1415	1436
1415	1419
1415	1476
1415	1486
1415	1427
1415	1461
1415	1431
1415	1432
1415	1465
1415	1434
1415	1438
1416	1444
1416	1477
1416	1420
1416	1482
1416	1459
1416	1470
1416	1494
1416	1427
1417	1475
1417	1482
1417	1420
1417	1488
1417	1458
1417	1429
1417	1463
1417	1432
1417	1437
1417	1470
1418	1473
1418	1474
1418	1443
1418	1488
1418	1428
1418	1430
1418	1467
1418	1435
1418	1439
1419	1442
1419	1476
1419	1448
1419	1481
1419	1485
1419	1486
1419	1425
1419	1433
1419	1465
1419	1438
1420	1482
1420	1475
1420	1444
1420	1450
1420	1490
1420	1460
1420	1429
1420	1494
1420	1437
1420	1470
1420	1477
1421	1449
1421	1462
1421	1495
1423	1440
1423	1472
1423	1474
1423	1444
1423	1482
1423	1456
1423	1460
1423	1429
1423	1432
1423	1437
1423	1470
1423	1477
1424	1463
1424	1458
1424	1455
1424	1430
1424	1453
1425	1473
1425	1442
1425	1451
1425	1491
1425	1428
1425	1493
1425	1481
1425	1435
1426	1475
1426	1476
1426	1448
1426	1450
1426	1485
1426	1469
1426	1456
1426	1428
1426	1480
1426	1495
1426	1433
1426	1498
1427	1479
1427	1449
1427	1459
1427	1461
1427	1494
1427	1431
1427	1432
1427	1434
1427	1438
1428	1473
1428	1443
1428	1476
1428	1457
1428	1451
1428	1456
1428	1493
1428	1430
1428	1481
1428	1465
1428	1435
1428	1467
1428	1439
1429	1472
1429	1475
1429	1444
1429	1477
1429	1482
1429	1488
1429	1432
1429	1437
1429	1470
1430	1473
1430	1467
1430	1458
1430	1453
1430	1457
1430	1435
1431	1482
1431	1463
1431	1459
1431	1486
1431	1458
1431	1461
1431	1432
1431	1438
1432	1482
1432	1486
1432	1494
1432	1476
1432	1434
1432	1438
1432	1461
1433	1442
1433	1480
1433	1448
1433	1485
1433	1498
1433	1499
1434	1440
1434	1478
1434	1484
1434	1486
1434	1461
1434	1454
1434	1438
1435	1473
1435	1474
1435	1467
1435	1439
1435	1457
1435	1443
1435	1493
1436	1486
1436	1465
1436	1439
1437	1472
1437	1475
1437	1444
1437	1482
1437	1456
1437	1460
1437	1477
1437	1470
1437	1450
1438	1440
1438	1476
1438	1478
1438	1486
1438	1461
1439	1441
1439	1474
1439	1467
1439	1473
1439	1465
1440	1472
1440	1478
1440	1484
1440	1485
1440	1486
1440	1454
1441	1473
1441	1453
1441	1458
1441	1463
1442	1448
1442	1481
1442	1485
1442	1491
1442	1499
1443	1472
1443	1474
1443	1457
1443	1493
1443	1467
1444	1478
1444	1484
1444	1490
1444	1460
1444	1494
1444	1477
1445	1448
1445	1491
1445	1499
1446	1447
1446	1455
1446	1492
1446	1497
1446	1487
1446	1468
1446	1469
1446	1471
1447	1483
1447	1495
1447	1452
1447	1455
1447	1490
1447	1497
1447	1468
1447	1466
1448	1485
1448	1491
1448	1498
1448	1499
1449	1479
1449	1462
1449	1496
1449	1489
1450	1475
1450	1480
1450	1483
1450	1454
1450	1456
1450	1490
1450	1460
1450	1494
1450	1487
1451	1473
1451	1491
1451	1481
1452	1455
1452	1466
1452	1468
1453	1488
1453	1458
1453	1463
1454	1478
1454	1480
1454	1484
1454	1485
1454	1460
1454	1498
1455	1497
1455	1475
1455	1495
1455	1469
1455	1468
1455	1466
1456	1475
1456	1476
1456	1485
1456	1486
1456	1469
1457	1493
1457	1492
1457	1467
1457	1469
1458	1488
1458	1463
1459	1479
1459	1463
1459	1494
1460	1472
1460	1485
1460	1487
1460	1477
1461	1478
1461	1484
1461	1486
1461	1494
1462	1479
1462	1489
1462	1496
1463	1482
1463	1488
1464	1489
1464	1496
1465	1476
1465	1481
1465	1486
1466	1483
1466	1495
1466	1468
1467	1473
1467	1474
1467	1493
1468	1495
1468	1497
1468	1487
1468	1471
1469	1475
1469	1492
1469	1487
1469	1497
1470	1475
1470	1482
1470	1488
1471	1480
1471	1487
1471	1492
1471	1497
1472	1474
1472	1485
1474	1493
1475	1482
1475	1490
1476	1481
1476	1485
1476	1486
1477	1478
1477	1484
1477	1494
1478	1484
1478	1485
1478	1486
1479	1495
1480	1483
1480	1490
1480	1485
1480	1495
1480	1498
1480	1499
1481	1486
1481	1493
1482	1488
1482	1494
1483	1490
1483	1494
1483	1495
1484	1490
1484	1494
1485	1486
1485	1498
1485	1499
1487	1492
1487	1497
1490	1494
1490	1495
1492	1497
1498	1499
