0.00766130471171
1.18817774429e-22
2.32354391649e-09
5.83837856252e-08
0.00165708704916
1.18226674162e-09
7.056200866e-05
1.00766067397e-05
0.0605030827927
1.07823589332e-06
6.99255764153e-14
5.2656887244e-07
2.17684707474e-17
5.63032797732e-22
0.00130199773973
1.5210541029e-10
7.94467654257e-13
0.0203913615835
1.75834788263e-12
1.83413392841e-09
5.85221958498e-11
4.70066930177e-12
1.53182135478e-05
9.04253869992e-08
2.70502732023e-05
1.54705044074e-10
3.03764209417e-10
7.22671637182e-06
5.10821837291e-09
1.00725233598e-09
1.52130875601e-11
6.50322417986e-11
6.35178244147e-08
5.30601756236e-08
0.000709644032941
1.84651586754e-18
4.61044722223e-05
6.24353210201e-12
1.43457964267e-09
1.07604014341e-11
8.3246005016e-09
3.82608398741e-14
6.2009366597e-23
7.80443684499e-19
0.00103125983394
1.93576519869e-15
1.83230452125e-06
1.0256632013e-09
1.24850577191e-05
0.0178602471334
9.1040091458e-06
4.06726393553e-16
1.91713591396e-11
6.45502774929e-06
7.43825617506e-08
5.7695632856e-10
6.5330505529e-10
0.0452195097543
0.005683205029
2.26485486191e-07
3.089042655e-13
4.78355090574e-15
7.76714664265e-12
1.3606211383e-05
3.4229871095e-08
0.000149290037086
1.59620310477e-06
5.99058380727e-08
2.14212432589e-14
5.23389143754e-08
0.00661011252135
1.38792303974e-10
1.04448524479e-07
5.01750991855e-11
7.03328372743e-06
3.16671287106e-06
0.000192970995004
4.61163706329e-09
1.09282201281e-07
5.07237965372e-08
0.0046925501899
1.92706631488e-05
3.54038609634e-08
5.10971512964e-06
1.77099178381e-06
0.00316187777469
1.24527489282e-11
1.95170368605e-07
1.50752614813e-11
7.11638382242e-09
3.31286041632e-05
0.00454172669732
1.82769837653e-11
1.6884549192e-13
3.7441003404e-10
3.87665914728e-05
2.47192702904e-09
1.13410783873e-06
1.40749304382e-05
4.30679437034e-10
1.02099291625e-05
5.35638418202e-10
2.27449525602e-19
8.11039595344e-12
0.000196511511164
1.16534872206e-15
0.0474310989247
9.42085458331e-18
7.31304910695e-07
8.9109418082e-18
3.8248693816e-14
7.08737732371e-10
0.000114878044354
4.62163528451e-11
6.36090994557e-10
9.92762620508e-13
1.83739509627e-12
1.1009371126e-09
8.26234400337e-13
3.49143454329e-07
1.06472810616e-12
7.55948553157e-07
7.29147419916e-10
2.80369853345e-08
6.08572856733e-06
0.00313301174641
1.28410165713e-09
0.00344475738157
2.52371772905e-07
2.3483451734e-05
0.00334602671584
2.65218766164e-06
0.0198820245219
6.9974707585e-05
0.0700047525869
1.67327688506e-06
6.9474554684e-09
1.99524744007e-08
0.00281726365026
1.68751858982e-05
1.89013960591e-19
1.09866059312e-06
0.0376680964126
9.95225930708e-15
0.00120395778958
2.86190678531e-08
0.00116328361859
0.0164568452657
0.0287844354168
0.00326971298339
6.76269544689e-08
0.00029019442711
1.13125583356e-09
1.0125613818e-12
4.22238039529e-09
0.0258157390349
0.0760263765552
7.4878626085e-19
8.78158592071e-16
1.2985645915e-05
6.5754146734e-10
4.06427608049e-13
1.363539051e-05
1.89607838462e-12
8.72805159036e-05
6.13923634216e-16
1.69788635296e-13
3.23975419453e-10
5.10440842717e-07
0.00010869826515
2.04363079238e-08
3.95063678697e-12
3.484703874e-13
2.15828657937e-21
2.67184598353e-05
5.79959504475e-06
7.42630333081e-10
0.00279221563322
8.24775954361e-12
1.49814850727e-06
4.0561037009e-10
3.25862359968e-05
9.03029525015e-11
2.7573678719e-08
1.55105166364e-10
1.33821613649e-07
3.6658972462e-12
4.57194170264e-11
0.00326778083004
1.76043806068e-17
3.06061473324e-07
1.78409937021e-10
1.91295161082e-08
0.00880061501065
3.82671997148e-12
3.95590167859e-10
6.28392384101e-10
1.16318517932e-06
4.12151764088e-10
0.000736584742752
2.15532449474e-15
5.8782629238e-09
2.24648248942e-14
0.000434171081667
5.20774247827e-05
2.43265086678e-12
5.58497937043e-06
1.19892678687e-05
0.00210500392697
1.2319448914e-22
2.37432080396e-10
0.00836094229012
1.39903677204e-10
2.11219635192e-07
0.13303752018
1.62157489592e-07
3.35342313912e-05
0.000232534102372
0.0344356985869
6.50742842572e-05
1.47045683165e-08
2.61295524854e-14
8.21060390065e-12
0.000638447665406
5.20591511919e-17
1.14458510628e-10
1.2153529445e-07
0.000720250186602
0.000257578363473
1.2017289865e-14
5.64610245235e-05
6.22475647198e-08
6.31378689876e-18
4.10591414242e-08
2.68908270462e-13
3.78535781898e-08
3.41946150199e-13
7.61748155566e-14
2.01690408243e-10
5.67748378141e-12
5.55921727522e-11
9.39001236416e-07
1.09256776483e-08
2.71523778321e-12
6.76917026455e-06
5.02114560397e-15
6.29693472796e-12
7.62947004819e-06
3.47881546762e-10
3.40154707985e-13
2.52949602127e-22
0.000524781178038
4.40765520524e-06
1.54765882716e-07
4.46993417667e-21
4.24032486673e-14
7.54228940496e-06
2.01734620691e-17
6.17909482225e-06
0.000108755983278
0.000105459490518
2.21978674608e-16
3.71382754336e-11
0.0115179335256
7.09547098985e-17
2.4731013983e-07
1.10301451503e-16
9.04721003622e-22
1.54192711466e-13
9.59083320376e-06
2.3762960471e-11
1.44754507311e-14
0.000250776403511
0.467358254278
1.27687904439e-07
0.00105006383623
2.45166591059e-05
7.05245966466e-14
2.07959698435e-15
1.22082856237e-11
5.27497534435e-07
8.29607276763e-11
6.62851255569e-10
0.256610914974
2.40207047381e-12
4.85279530125e-23
0.0250637911562
2.99991365608e-05
4.26189606155e-10
2.65638389018e-13
3.46044933341e-14
4.95304076121e-09
4.11547319123e-15
0.000185929426835
0.000128262971148
2.49295002296e-10
8.67246708682e-10
4.587780893e-06
0.000255329910052
1.81447987242e-11
4.90440276786e-13
2.10595510705e-10
0.123604449622
0.130142880815
1.62616550539e-06
1.07087635471e-09
5.08784448673e-12
4.05166967471e-09
1.32587328562e-07
8.23045170128e-07
0.00483760268036
1.38488402852e-07
3.40359763418e-10
4.9130210064e-15
0.0203894510345
2.21045541508e-05
1.8242417703e-10
7.23644214771e-08
4.08410621867e-05
1.32417412577e-20
3.28270185437e-16
1.2769653531e-10
2.15770584498e-13
6.8648432441e-10
8.54406518176e-12
0.000113560219622
1.63428671927e-13
5.95170233437e-10
7.67097327353e-17
2.13467484479e-09
6.91010586588e-10
8.27209159091e-13
9.69525211198e-12
0.0753013667132
0.000521324428148
0.00146331100912
0.00218938908899
3.02325823638e-10
1.8829240045e-14
1.11168082904e-12
2.77058586494e-12
1.45360331314e-07
3.55649808759e-10
6.10099293033e-09
1.17547379106e-07
2.69670680187e-06
3.82991308831e-06
7.14524011488e-07
3.96406356795e-11
1.75827842896e-10
7.85826920125e-07
3.76184898823e-07
2.3157649937e-11
6.8689869938e-06
0.000100855813238
1.49364733608e-11
6.11590825073e-09
3.12891322564e-15
6.97667461645e-07
7.89157426986e-05
1.21561432059e-11
2.22824204968e-08
7.55796180609e-12
9.30465666961e-12
9.36797108429e-08
1.51283909927e-11
7.61509777957e-11
0.11774367193
3.14916024307e-05
1.43382314081e-06
0.00991397332879
6.11239928175e-11
1.40101658509e-12
2.84384458602e-16
6.26435490063e-07
2.97537086999e-11
0.170734064577
7.09801903069e-19
0.00100469824028
7.33502164343e-10
0.000290241470279
9.24925157043e-13
0.00145446235205
7.1324998463e-16
7.5535020749e-06
4.56434739077e-06
0.00172135824964
5.2263309612e-05
1.07787781724e-13
2.53340451409e-14
0.00761483125136
3.19495857456e-05
2.97594910102e-10
1.00897727139e-13
5.07987063133e-11
1.13451698266e-16
3.82015018445e-12
9.03315684037e-07
2.34533121984e-15
1.37495023116e-11
4.08683523968e-12
3.353745158e-07
2.85192381441e-11
5.81750591465e-23
3.97092338748e-12
3.77431759938e-05
0.000101082427576
6.20155914368e-07
2.6059034528e-05
1.63460056472e-14
1.21463578435e-08
0.0286211040736
7.42098944192e-08
2.52077888694e-22
1.33719915896e-11
2.54360889041e-07
1.95141877397e-12
4.58784396951e-14
6.07818179924e-09
0.000150835213128
0.000120928254552
5.03744830323e-06
2.52807879741e-05
4.41050515768e-16
0.0456829508625
4.23343293777e-05
0.000180376730592
6.59490420238e-17
7.83475396511e-08
2.29258396473e-06
0.000314044542281
1.242538812e-08
2.20685425995e-15
4.76076464428e-12
1.13922052942e-19
1.68480966561e-08
1.71301350694e-07
1.13961373987e-16
0.0101419697527
2.68240246191e-05
4.58942985441e-07
1.8839680342e-14
4.78206294581e-08
3.71331018692e-13
3.07885598353e-10
6.98116219716e-11
0.00516187571775
1.48860038299e-13
4.03478054702e-21
1.8178638678e-05
1.718255863e-05
4.82581037886e-09
1.04551573101e-11
2.07049549103e-11
0.00293901536977
2.02307560062e-06
6.75369332911e-12
6.75979586165e-10
2.61746824585e-06
3.53401645599e-19
1.38571970765e-15
5.04564038909e-09
5.00782354948e-18
8.09551952279e-08
2.81042832176e-05
4.74426083159e-09
4.76286026434e-11
6.74792516625e-13
0.039220860795
4.13327799817e-05
1.46802341076e-10
0.0156443910098
1.48596750832e-18
3.33467775101e-07
0.00173667416122
0.00256501096131
6.15571311532e-11
2.35902814963e-18
2.73342699948e-05
5.47268186782e-09
0.000133762511538
1.13622757224e-09
2.4243535971e-19
4.83147572574e-08
3.13895835169e-14
0.0932271762691
0.00345459215467
6.40122782225e-11
2.58428704477e-11
1.11915358156e-16
0.00039087353578
3.80025920047e-05
3.66360766055e-06
0.000477957803676
0.0061094232858
1.00203315181e-06
1.35409239562e-06
1.06612839663e-07
0.040055440945
1.05818167116e-15
4.6453651146e-06
7.57108865682e-11
0.00424313050847
7.57536941876e-07
0.0025612626994
6.78150995351e-09
3.86615230393e-07
2.19549343167e-07
8.54273599966e-19
0.0118390467434
6.95057875649e-11
2.54498261034e-10
0.000124935812385
0.00104410452682
1.17340543614e-12
7.47294485066e-21
1.21495884306e-19
7.39298321166e-10
7.24215907877e-08
4.54600704611e-07
3.99860055227e-09
7.99603777286e-13
9.34250699511e-09
5.76740258423e-07
1.1835867669e-21
6.61726591661e-14
3.85036737649e-08
6.15709590205e-10
0.000132887465506
2.16351797549e-15
6.9060847006e-08
1.92215884505e-08
2.73664223932e-07
1.26857371629e-08
8.85712728003e-13
1.42251887365e-08
0.00140359386246
2.17063978767e-05
1.44313104149e-18
1.20095057129e-20
4.04155295067e-06
4.61193598973e-20
3.48612574181e-05
2.7882501004e-17
1.07337936286e-08
5.64117326642e-13
0.00513629001536
3.69883330446e-06
8.11285380474e-10
2.20918112218e-08
1.01821801785e-21
0.380677565681
8.3728919572e-07
4.06034200437e-14
0.266802816558
7.65065729051e-07
4.66498378728e-05
0.0322084372544
0.0598583949384
1.7976929577e-12
1.63763833869e-13
1.86914429685e-05
7.08400126194e-12
1.30502606362e-07
4.26027382663e-07
0.00137310066542
1.77790254021e-11
2.74059116731e-08
1.13351469019e-07
0.000287498012885
5.96709494909e-12
2.14642429861e-13
0.000155087645774
7.03365237002e-05
4.16154735634e-08
2.93513435561e-14
5.32079337535e-13
5.4055758138e-07
1.04086390265e-05
7.96186976857e-07
0.000182930665522
3.69179751054e-09
0.0224926548709
4.76377477123e-12
5.91002490642e-11
1.05184807727e-05
0.000701797286161
1.33152880047e-08
1.42114499133e-06
0.00255977699801
0.000436521129242
4.07473542464e-09
0.0115560816375
0.000308658847951
4.31235019696e-21
9.87523229343e-10
6.82146854024e-15
1.83964700505e-08
0.000234826300223
0.000196514779221
3.40491198009e-06
8.68517277079e-07
7.34978275274e-13
1.68821603789e-15
1.88605745851e-15
5.18307750089e-20
9.42759801289e-10
1.87412183236e-15
3.37469296925e-08
3.67540988645e-06
1.25708723215e-08
0.000156157490181
0.000281582027535
2.38455959247e-16
0.00284769978968
6.89319714345e-19
1.74618904276e-16
1.5940278558e-10
5.1438643031e-06
2.92167281471e-05
6.61521449748e-13
2.54964810884e-06
5.22473712174e-08
1.19329696621e-10
2.3371528863e-14
2.46757067698e-13
1.61599634049e-20
0.0171505009866
0.000313376261599
4.64819618563e-08
8.63770420407e-13
0.0304254494876
4.42636650287e-22
0.0245573796118
2.48556780289e-07
9.72241495423e-23
1.32958080893e-21
5.24331274535e-06
6.6594301481e-18
3.25513404959e-20
1.48998141299e-13
2.62889157734e-05
0.00120193950303
2.73744893135e-10
6.91985551882e-12
1.26104891287e-08
0.00900662050989
0.000195480531913
9.34178578376e-08
0.000565081212703
4.66999447096e-05
3.7934928592e-12
1.71165643155e-15
3.40143722951e-07
1.00172487869e-08
1.04965381579e-05
0.000127848025873
1.23059063486e-22
1.45773354963e-10
7.49577067496e-12
2.69183402191e-15
1.68872023475e-14
5.94411193454e-12
5.53309554542e-07
0.000270111922964
1.40253988186e-09
1.11998328375e-06
1.1673396084e-11
5.01541979745e-14
0.00168884034356
3.1030314429e-10
9.90816883825e-08
5.09013843445e-11
2.54799505306e-09
9.69319549226e-10
9.6392479976e-07
3.19293088594e-14
3.09547008451e-14
9.95724400817e-05
0.000145711037985
2.79920286368e-09
1.35774949329e-06
8.40043405146e-15
8.21504642373e-12
7.49510288364e-06
7.20421601941e-11
1.77839185724e-18
6.75093494702e-08
0.00281330735897
1.00681209215e-09
5.57226655576e-15
2.15686732476e-17
2.71587675195e-14
3.62911687302e-07
0.00135308770056
1.80868700022e-08
0.00600309711333
1.29759593523e-07
1.22785290639e-08
4.60442035557e-05
8.36613099301e-07
5.28822970756e-06
1.38807673566e-09
1.34148549831e-06
8.20140151003e-10
0.000695746413539
1.23220265309e-10
8.54575073961e-14
8.21039329793e-08
0.00799591785453
1.06312500866e-07
3.28475548876e-07
4.39420051668e-22
6.45230988932e-11
0.000134000240949
0.00229270831101
2.48206539426e-11
6.11538103239e-19
4.79334866525e-05
1.72308297325e-08
6.21353171042e-10
2.10662569979e-14
7.07438880108e-07
2.98658521638e-22
4.96665948006e-12
2.64552613416e-08
5.39204498468e-19
6.27790476564e-05
1.93769551794e-05
6.38511537305e-06
4.24566266059e-12
4.39507082087e-05
0.0189566074131
2.61822398414e-09
0.00927659475839
3.44974974922e-07
0.00375144871467
1.29044016987e-12
2.12793609245e-05
2.9427425625e-17
2.47466771911e-06
1.99042412372e-06
0.000692770270769
1.99563047116e-12
7.90375094123e-09
2.99382813684e-06
3.9216272284e-11
6.66576952171e-07
7.10712509929e-11
7.31145460275e-13
1.71043813722e-05
0.0846528178099
0.00106999096289
1.26983031413e-13
1.6909063838e-20
1.51846536653e-09
2.86343178013e-13
3.04857522245e-05
1.49315053071e-05
4.16685330143e-05
7.18125987467e-08
9.99526732041e-16
8.9996978311e-16
0.000123036908601
4.03035122033e-11
7.56034530521e-21
0.00110507687639
2.5744162206e-16
5.37412605701e-07
4.72497301154e-05
7.61720280116e-12
1.63036176437e-07
0.0102564776293
2.44678060747e-13
2.14061658613e-10
7.89514568507e-12
3.37385431808e-14
1.16577761832e-05
1.07948895039e-24
6.89772119785e-07
1.04266703271e-07
3.90344174807e-17
1.12764829842e-10
7.26835124598e-09
0.000615134903436
7.49915149401e-12
2.28771527854e-15
0.000144823140955
3.38925754409e-13
2.73316334553e-07
1.55974809274e-09
1.61737590532e-09
1.84267405003e-07
2.03686127411e-05
2.22629278739e-05
0.000457708400979
1.66055527924e-14
0.0025116151697
1.02096659455e-15
0.0172949076947
0.0249190138313
2.35289168102e-05
4.93106164868e-20
3.54758952213e-10
0.000235020731503
1.18354828123e-14
0.00058228318698
2.12751575498e-08
7.44552078554e-09
0.0221223693114
1.82840344731e-10
4.1252014104e-17
3.77901571938e-16
5.77932266314e-07
1.60792197503e-10
2.40695476362e-05
5.12345014353e-20
0.0167735190078
7.18766772811e-11
2.78089959965e-11
0.00346534275384
0.000277117451733
7.91377214761e-06
0.133592842944
0.00099528257584
2.24113288529e-07
3.61459455902e-15
5.92179559892e-06
4.33736168173e-06
4.25192582137e-08
2.20596288291e-13
2.42015157261e-15
5.1208138913e-18
2.24708626724e-10
5.75402829696e-13
1.2815919631e-08
2.14770186733e-13
1.31391403459e-06
0.00329953877376
5.70995857804e-19
0.271938219245
3.0396415729e-11
6.88058779666e-07
8.67767905612e-20
1.73524742529e-05
8.52452039106e-07
9.761754151e-12
9.33952287884e-05
5.25032621369e-18
5.46351547653e-08
3.60376089449e-08
3.18675123549e-10
0.00292034359542
0.000377587872292
1.59293990468e-05
0.0582173514274
1.56779832979e-13
7.82528738326e-16
1.1385810642e-06
4.62604575587e-16
9.55714472308e-12
5.82768665509e-15
3.08300859167e-25
3.4115161885e-09
2.26526676694e-07
1.95947024271e-06
3.72414400681e-08
0.00574486552116
7.80895590698e-07
0.00485467707255
2.24177809076e-15
9.47194260371e-15
3.1324277379e-18
1.67277422038e-15
9.26804867709e-09
7.37158420661e-14
0.0573759909859
2.36388331191e-07
3.23268217271e-16
0.000191380573206
2.50665610197e-21
7.5514302643e-06
9.95344479078e-21
3.042454991e-10
1.86515326164e-10
4.34938858061e-07
0.11958900546
1.76300997014e-12
1.04268843138e-17
0.0221268071746
1.17318203486e-06
2.6464499699e-09
8.53385914195e-13
4.87447108383e-18
1.49005118187e-10
1.68843325032e-09
0.00029562217326
1.00286882516e-15
0.000109183977137
0.000433277614869
0.000969529603904
9.16662111872e-13
0.000104609400017
1.70050120017e-08
2.10182450222e-16
3.27976597894e-22
0.661869690181
1.06708418287e-13
2.16331378935e-14
2.45816242021e-13
1.92650500257e-15
1.73877798271e-19
0.00301092844387
6.17282459753e-10
7.07382532919e-12
6.30851015182e-13
6.58736058105e-08
8.37481194614e-14
1.00263810561e-09
5.01528797944e-08
1.21804316313e-07
1.57953813615e-07
4.7496530814e-06
1.54294770682e-07
1.24572279717e-20
7.55842834746e-14
7.15343428306e-09
1.16607087114e-08
3.88322189407e-08
4.93279829433e-16
1.35493632716e-25
6.71595245652e-06
0.000342494574312
0.172678919829
0.00497060192862
2.75094470509e-18
1.63720640224e-08
2.88627664606e-14
1.03308201686e-14
5.60624294354e-14
5.19616698073e-13
0.000618084668545
6.83562089109e-18
0.609829360851
3.08465789885e-09
5.4731833521e-10
1.40859199678e-10
7.9497148794e-19
5.9760167124e-07
0.000345946045876
1.59679155776e-15
5.58464072818e-05
1.44754823005e-09
1.59934309575e-11
9.10252947828e-11
4.87029954524e-09
9.53521598036e-14
6.9892845742e-10
3.88368365633e-08
3.98196832039e-06
5.17779600921e-12
4.17123827148e-09
3.17806475624e-14
8.70596846386e-18
1.95085143635e-05
1.92797650298e-10
1.50663457946e-08
2.4068629124e-13
2.27243460187e-11
6.1913334121e-05
6.38662877687e-19
1.67896009663e-08
2.61015037623e-07
4.79905995097e-11
1.80537203577e-10
2.63884022984e-09
5.23092220107e-13
9.4990363675e-12
8.03639345635e-11
1.29880749795e-18
1.38141784424e-08
2.64370403537e-13
6.43091449875e-13
9.79100642062e-19
0.00349241041279
1.73443394848e-14
2.67314639176e-09
0.000810824552269
6.76240853855e-08
0.000148793479547
1.72941654051e-12
6.14306780037e-12
0.106549423965
8.68346743208e-05
7.5047756053e-17
1.05891007924e-11
8.95487973198e-08
5.40886972111e-09
8.49169360305e-10
7.728166765e-20