0.407056195941
1.69307877539
1.18000812207
0.870883961949
2.48515242262
2.66981422419
0.86612033684
2.12475786818
1.39351712318
0.950633019493
1.52780590453
1.41743834311
1.34914161534
1.68890644527
1.22567072269
2.55141328965
2.85979425784
1.35426878179
1.53048705422
2.11224405047
1.67185726597
1.34274519878
1.0783980581
0.710532022811
1.61635222314
0.648978344278
1.31521147257
2.95303995243
1.21088738133
1.83547971973
1.86758321375
1.51086689236
1.15223826911
0.734893053681
1.53382193739
1.33142050101
2.44920067015
2.02007080203
1.03518914202
1.16852763483
1.85853183077
1.56048066582
0.846137619198
0.759307031819
0.954921732084
1.35645214171
0.749369184855
1.39860954551
1.13223571285
0.880432911828
1.71597097119
1.42958583132
1.40424159004
0.833952688553
1.72658322113
0.91725254754
0.838403317158
1.32658508412
1.31257201569
1.68332209339
1.35233605992
1.15686044995
1.84197314809
1.1562687221
0.809651804927
0.915761453012
2.17714410756
1.3318739306
1.86754789131
1.61136196386
1.33390175411
1.98170648953
0.871135326934
1.23629046515
1.35246632085
1.31355600797
1.87750676129
1.34798092278
1.31898437863
0.910871300591
0.844522693919
1.44149756763
1.41205797426
0.746321594846
0.855053933205
1.73814316689
1.24402649839
0.727469459017
1.91101651071
1.83100007571
1.30149954843
1.50653107464
1.56434156666
1.80501053796
1.06353013274
1.19442711491
1.84890887656
0.973032743397
0.951632227192
0.831404128864
1.25161528717
1.22262339613
0.719738070882
1.04290084197
0.930221643688
1.42281764755
1.73058921669
1.48987725346
1.08465030564
1.90095865399
1.51455256174
1.31343615013
1.07790264879
3.15881036985
1.14814728855
1.27223475924
1.91637193371
1.92483501121
0.801990630427
0.949331106012
0.77790011252
1.07780810674
1.35276838638
1.24159617255
2.35245203943
1.19929110514
1.10647670387
1.23857421249
0.951650390608
1.43269938607
1.26596520882
1.61706995055
1.47784757232
0.920970876948
1.16887874121
1.125000137
1.29358028906
1.60558051794
1.25419058562
1.33686579393
1.40637510476
1.42807672094
1.59069721694
0.881286727499
1.08921879048
1.74310958891
1.17965892383
1.18101259296
1.25112312569
2.71646445194
2.08700123542
0.721754964781
0.906162876873
2.15034151585
0.780490798093
1.67553899717
1.65530275141
1.16819037357
1.23296931144
1.10627818332
1.11717413914
1.71951957392
1.32596845731
1.4508274463
3.21671528564
1.17866282124
1.70107944361
1.6697716077
1.49319112059
1.04616927601
1.58838969892
1.72023196851
1.96329741287
1.14573529912
1.18838993397
1.64159026593
1.48820396661
1.14389370021
1.8300074337
1.72046314229
1.26002480068
1.49558939721
1.44284109896
1.8076935167
1.3178328561
1.24527643566
2.24576431171
2.17636612808
1.83795080001
1.21559142658
1.29421270119
1.46551548941
0.759710340721
2.22870048173
0.76579406423
0.982909685296
1.15788804049
2.89445147408
0.729006140291
1.3145479138
1.30193152188
1.25731506802
1.21537831537
2.5738054969
1.59831353121
1.19467086018
1.19352723007
1.64630305354
1.5010367512
0.769220744977
0.994204037173
0.985029804383
0.888171283394
0.780256062627
1.64864329248
0.998075642979
0.938045129021
1.97716023179
1.37915085811
1.16400221873
0.828447175241
1.71745588823
0.794197745366
0.79854606506
0.602992046392
1.02521898662
1.72773976927
1.55920559627
1.41318525696
0.946819489613
1.52974401275
1.1538319181
1.51398317807
2.32434257311
1.30646466233
1.33316003948
1.39654311564
0.833894978997
0.621568050879
1.2659080301
0.925673455067
1.91996766655
2.57242933165
1.40876933021
1.24401357165
0.887567213422
1.13133085192
0.951533068843
0.778299603688
1.29303554428
1.01185663824
2.71496677509
2.19862866589
1.3484286146
1.1088367718
2.2407347072
1.46690085683
1.53986884978
2.08225527067
1.39893121629
1.15642851934
1.5110584185
0.912989819388
1.09712324894
0.892585982393
0.89195577542
1.01235457431
1.18094083021
1.49229790588
0.940953268539
0.592158443765
0.743220405263
2.42023212998
1.63080843574
1.40399555018
0.786473607164
1.26801622673
2.27219470583
1.97123872083
1.03102841962
1.06377589172
1.72110512914
0.872860674718
1.33128383091
1.36473465216
1.30722526622
1.2029657314
2.72492601917
2.79935231614
1.19212121557
3.12787614528
1.14932525195
1.27427312996
1.20696602917
0.927116914095
0.994675732988
1.99716049337
0.752916907005
1.00268223541
1.64917107129
1.08660614652
0.909382920385
1.72039123019
1.47312317946
1.23012492888
1.4522257132
1.09115230134
1.13552709924
1.14304170557
1.23746326152
0.866392319208
2.4980289773
1.12916803999
1.11429328674
2.04995960706
0.861044590897
1.81495024361
0.880519094824
1.51502855933
1.51670212809
1.13800887709
1.57335266276
1.04086855186
1.26975955722
1.1289490399
1.52799548849
1.22058878194
0.841486890416
1.39614051996
1.6532607578
1.41372493367
1.19913615777
1.9241999198
2.47612077191
0.831536500078
1.83803311672
1.57571940216
0.908578834932
0.965904858662
1.16781736607
0.998485125263
0.884079041852
1.00211854267
1.26796246003
0.882353855609
1.69675021076
0.568379601262
1.09654489642
0.865377849102
0.973137877281
1.1645116433
1.77640025642
1.90722852669
1.47964175707
1.00257611719
0.609774746773
0.80197625673
2.20576036726
1.83974807936
1.86524733833
1.47404446173
1.75828083043
1.00916903337
1.25267427883
1.18152641949
1.43920328041
1.45759453418
1.29305196317
1.14047168832
1.16573521157
1.44003624958
1.95116355657
1.81639243678
1.50570477486
1.86761455977
1.33466990118
1.08696434177
0.620514636996
2.21270858191
1.23660824162
1.78746952656
1.2185132588
1.48894781571
1.96374993313
1.75416202665
2.34298301073
2.06737006766
1.7140781326
1.6866642003
1.38972949204
1.16969654284
1.37139698338
0.828250569799
2.55174130477
1.51702647724
1.11108762687
1.39197314491
1.55796832591
1.96043507444
1.39337786385
1.23461932008
0.994223402583
0.934528502989
1.14606041312
1.46119350816
1.2415423735
1.01694875494
1.58218598993
1.63337896881
0.899782493607
0.639237567068
1.97138292076
1.068132498
1.4787214127
1.66814828651
2.93141606986
0.721566140334
0.912794684009
1.08164572435
0.906827375622
1.78980926606
1.92423330125
0.936084263361
1.98655474889
1.08847091146
1.61607689264
1.34472640038
1.15810678043
0.974966647795
1.4843229309
1.17256531338
2.01760530532
1.33279640067
2.05004764946
0.885790046616
1.44204294211
1.4176343169
1.24097167365
1.15598482234
1.77487455226
1.53355109857
1.07692041606
1.44756426102
2.06146555252
1.26608284186
0.644148348615
1.02820230425
0.893791657836
1.37860509371
1.14868146012
0.92457380687
0.981512558076
1.85327518762
1.49688205065
0.692974231124
0.98741891519
1.25385498566
0.649309933442
1.61550965539
1.3482198357
1.64258392174
1.63677112231
0.977357754224
2.82388755556
0.804322525063
1.85018564452
1.37554460943
1.92291851993
1.32684637447
0.949896635077
1.06751523931
1.55544316591
0.892566220352
0.752461053645
1.61627400656
1.39314620076
0.964622969765
1.15560304289
1.56850569654
1.07529487571
0.907307604603
1.58774669223
1.04465455365
0.922803181139
2.27143315347
2.84164148684
0.98012739457
0.967108088928
0.799111740188
1.39951497948
1.44643940305
1.1679301489
0.848483141459
4.54584077964
1.61056340005
0.842339400348
1.05020090654
2.06386870197
2.99327400966
1.44760627541
0.699796064434
2.39830626883
0.878448988634
0.621259517912
1.31219586326
2.20903102759
2.19648939732
1.49656304472
1.36683504771
1.949140433
0.975730007531
2.12644471559
1.70310844132
1.21676461992
2.34204318437
1.15648455707
1.25028600815
0.743275906779
0.863892756489
1.53818586172
2.23535952069
1.20663082116
0.960798112422
3.10780247364
1.56083691466
2.24331703259
1.01558452716
1.66346465447
1.23586101159
2.12654885837
1.37572698219
2.17139933234
1.47856156084
1.72900111278
0.945612234931
0.854970557479
1.27795111981
2.09119265523
1.49766512329
2.36518780728
0.878116661237
1.51622613867
1.63975404252
1.00130740778
1.74078455759
1.57608593071
1.16419681425
1.23857140501
0.896729461914
1.45270795607
1.25047713505
1.69631056761
1.18724068195
2.34116292632
0.92184655356
1.47176159959
1.3210473262
1.68406439441
1.79409382193
1.09435171498
1.23395341763
2.00135324945
1.06558877767
1.57487801543
1.4683072025
1.51342224521
1.7378479051
1.38352412471
1.0451315574
1.349170301
1.38019546604
1.53479429591
1.12473915222
0.831574046605
0.99735062003
2.08137582418
1.12173071868
1.67477723721
1.07247504315
1.63555302964
2.04907242715
2.11022600223
2.61788403001
1.07712989273
1.08014458181
1.16240674633
0.821112928393
0.774354305725
2.05515272622
0.870221574858
0.971496922299
1.40769767527
0.8169346355
1.03236746993
1.21575202309
0.931781450475
1.08310899044
1.20232501169
2.02394331487
0.51273032368
1.31402395102
1.51227421175
1.2156034566
0.945779953323
2.74170406143
1.21508207186
1.22729208903
0.917935206882
0.763658252412
1.15216210605
2.01876522917
1.05198990219
0.872593967236
1.6658725514
1.16382688084
1.01417399602
2.13381228913
0.940405345193
0.862127262641
1.62806235898
1.62928961398
1.2124117667
1.17442031548
1.25430918252
1.47772385749
1.26962458139
0.910090046382
0.900896502348
2.17034634056
1.73001453604
1.45958305764
2.47942064753
1.02594862825
1.31253004133
2.23262562858
0.9309104496
1.60572765429
0.819896944289
1.35264630341
1.65671181018
0.875320345518
2.47454890943
1.42949138171
1.18644234137
0.783221149379
1.17268018196
1.25681729785
1.26733678117
1.59568485198
1.2436158461
1.886327958
0.868152636195
1.64461928364
0.933536261067
1.04469809711
0.799894450503
2.0720397465
0.791045140639
0.815689474949
1.98453932283
1.87881096245
1.11018785893
2.72866904891
1.59383976651
0.826182964831
2.18814989618
1.0837255864
1.33834376301
2.61653977424
1.3252266364
1.14169705545
1.05316347606
0.729269832815
1.45803712268
0.879534113645
1.51017128143
1.08117094227
2.44801638621
1.23088113085
0.737488227907
0.925997576005
1.52176517721
1.15721888096
1.59818180824
1.09595418475
1.34791459912
1.06940369318
1.23286471987
0.935513471486
1.44200279959
1.40542237776
1.33004558703
1.02487053522
1.8251461778
1.18411033303
1.38683215169
1.23319191229
0.990149714719
1.96454030524
0.899285270497
1.47913981209
1.58068454263
1.13203449475
1.54402691428
0.905429565975
0.927679905216
1.47054955054
2.2910321588
2.3311735029
1.68340125556
0.829319835824
2.1574612898
1.9576182533
1.52785193818
1.34993932075
1.08140505909
0.898160622732
1.31768937159
1.49205557052
1.68797958616
0.754036986193
2.45680942555
1.0166534134
0.920667546288
0.706409788231
0.881475701691
1.18201815216
0.925559389899
1.56154675048
0.76859289775
1.00806046232
1.59582838623
1.58166806646
1.06198061093
1.77787716843
1.14807414052
1.05505141964
1.24101693936
2.01651814291
0.92042466495
1.51805615926
1.37720825878
1.19618895311
1.22794985773
1.47424808578
0.968871751599
1.98678754094
1.36532524393
0.885917375393
1.65217928096
1.74449959609
0.870581873479
1.26786797271
2.2889447109
1.48874545185
1.85736437565
2.36959365394
0.787794970799
1.56355349865
1.49872806795
1.86599937959
1.35473970052
1.35466370023
2.29904539389
1.03579436001
0.898027338719
1.10702799702
0.901430892048
1.49192383555
1.34121498333
2.53629457072
1.54509627667
0.798606512357
1.35018788493
2.83263689996
2.08470669216
1.35215892319
1.40916040719
1.22408499162
1.73273708053
1.13760649735
1.13269487397
0.721229928466
1.26309189701
1.1206460843
2.20020486192
1.2056063055
1.19024991493
0.824425946816
0.735987037301
1.88141981782
0.932373008736
2.41476883967
1.02908975691
0.958609395595
1.70891288894
1.20455061447
2.12726413934
2.68018326907
0.974141352133
1.19204750967
1.23758169342
0.91865007563
0.936826420339
1.42427155401
1.06188336633
2.02142641757
1.69855320612
0.844681376051
2.23842235566
0.712818181266
1.77731213161
1.40041933097
2.68273046786
1.31121446112
1.35581575665
1.53322314135
1.9535427158
1.58843644792
2.25098426589
0.956664806424
1.55964838706
1.05867896743
1.65067908118
0.817967609078
1.0955676149
1.08215059651
1.51722624343
0.990838928804
0.9506691536
0.92674122452
1.27256598728
0.957395185276
2.26560396035
1.24105617182
1.45581208822
0.988846622763
1.37167287509
0.926301389841
0.87262609605
0.834559912286
0.980540622066
1.26553102367
1.1238732991
1.36883100216
1.09743964884
0.977012284357
1.14952864608
1.08764074555
1.40254815307
0.813911060092
0.882910403958
2.197140961
1.23300947318
1.09470925459
1.35038437704
2.06383998309
1.005067365
1.3817732303
1.191634948
2.14000803183
1.08821578101
1.50916779728
2.15123694798
0.994421969912
0.661942496667
1.79261461952
1.86035108299
1.45145898688
2.43091755446
0.727729930732
1.35733097184
0.916956947751
0.899999012619
0.926685040129
1.21438466275
1.86957726171
1.19278025875
2.40167682727
1.51372690382
2.27774414481
0.800625444712
1.79745949762
0.93345077171
1.4545989406
2.11223608256
1.96956181278
1.2904036978
1.403799167
1.39185765559
1.72199684782
0.863771975123
0.898143546748
1.22813619974
1.28359739621
1.53097655209
1.92349386014
1.14584665146
1.60059978852
2.53466190601
1.89518108386
1.0840984716
1.70747726304
3.37353184658
1.53043837905
1.67014062939
1.59817195577
1.44415562749
1.50942664866
1.14014576154
2.37381578554
2.36957100697
1.4073666515
1.76963751136
1.11709640496
0.849660619612
1.13323832577
1.00451011097
0.965567959659
1.50022009288
1.22258904559
1.11549428349
1.12965365317
1.26164917068
1.21532300138
2.00913592173
1.37389140052
1.04437608215
1.82774048057
1.04939642869
1.65292572464
0.873794950707
0.825293118394
0.893968706286
1.62871587762
1.15090574509
1.35079776434
1.4980133573
0.742412903238
1.21991949018
1.07903847665
2.77462720056
0.779438363946
1.00820716043
1.22808207603
1.85617158862
2.6695781597
1.78390993991
2.11048763636
1.35107564273
0.889829980066
2.3051237387
1.8007368444
1.79927375829
1.71425588592
1.09788878994
1.82064287871
1.04390630714
1.38111970941
1.20952110984
0.989892845234
2.10810363223
2.48485421199
0.872267560223
1.26252230718
1.0183725647
0.803670809445
1.90159555816
2.49223965944
1.55193279856
1.06269763707
1.16413852612
0.827955079417
1.54876264885
1.21919242924
0.979697175558
0.973525160611
1.00538068902
0.948117886805
0.921957983115
1.29411509573
1.20339846497
1.51476682815
0.872897422908
1.6928782222
1.10227916499
1.13144399921
1.24064428808
1.31192775633
0.894968585728
0.79476682914
1.80266385694
0.74775078873
0.893541008222
1.05409036422
1.34353524782
0.696453851456
1.3206502959
1.78830485478
0.791281573912
1.50282472341
2.94350248565
2.94351793201
2.94352774992
2.94353160974
2.94352897716
2.94351912217
2.94350113123
2.94347392216
2.94343626143
2.94338678304
2.94332400871
2.94324636858
2.943152222
2.94303987784
2.94290761392
2.94275369525
2.94257639069
2.94237398795
2.94214480677
2.94188721022
2.94159961426
2.94128049544
2.94092839704
2.94054193368
2.94011979463
2.93966074589
2.93916363131
2.93862737287
2.93805097022
2.9374334997
2.93677411288
2.9360720348
2.93532656194
2.93453706001
2.93370296164
2.93282376403
2.93189902648
2.93092836808
2.92991146523
2.9288480494
2.92773790479
2.92658086607
2.92537681629
2.9241256847
2.92282744471
2.92148211192
2.92008974216
2.91865042963
2.91716430503
2.91563153383
2.91405231451
2.91242687686
2.91075548035
2.90903841254
2.9072759875
2.9054685443
2.90361644551
2.9017200758
2.89977984049
2.89779616422
2.89576948962
2.89370027601
2.89158899817
2.88943614512
2.88724221898
2.8850077338
2.88273321449
2.88041919579
2.87806622123
2.87567484216
2.87324561684
2.87077910951
2.86827588957
2.8657365307
2.86316161017
2.86055170799
2.85790740627
2.85522928851
2.85251793896
2.84977394203
2.84699788169
2.84419034093
2.84135190124
2.83848314215
2.83558464075
2.83265697126
2.82970070464
2.82671640823
2.82370464537
2.82066597509
2.81760095179
2.81451012501
2.81139403911
2.80825323308
2.80508824028
2.8018995883
2.79868779871
2.79545338694
2.79219686212
2.78891872696
2.78561947761
2.78229960357
2.77895958761
2.77559990567
2.7722210268
2.76882341314
2.76540751983
2.76197379498
2.7585226797
2.75505460801
2.75157000689
2.74806929626
2.744552889
2.74102119093
2.73747460088
2.73391351068
2.73033830525
2.72674936254
2.72314705368
2.71953174297
2.71590378795
2.71226353942
2.70861134158
2.704947532
2.70127244177
2.69758639551
2.69388971147
2.69018270157
2.68646567154
2.68273892093
2.67900274324
2.67525742596
2.67150325067
2.66774049314
2.66396942339
2.66019030577
2.65640339907
2.65260895659
2.64880722621
2.64499845052
2.64118286686
2.63736070744
2.63353219941
2.62969756495
2.62585702133
2.62201078107
2.61815905193
2.61430203706
2.61043993507
2.60657294009
2.60270124189
2.59882502592
2.59494447344
2.59105976157
2.58717106336
2.5832785479
2.57938238039
2.57548272218
2.57157973092
2.56767356057
2.56376436148
2.55985228053
2.5559374611
2.55202004324
2.54810016368
2.5441779559
2.54025355025
2.53632707395
2.53239865121
2.52846840327
2.52453644846
2.52060290228
2.51666787748
2.51273148404
2.50879382934
2.50485501814
2.50091515268
2.4969743327
2.49303265553
2.48909021615
2.4851471072
2.48120341907
2.47725923995
2.47331465586
2.46936975073
2.46542460643
2.46147930282
2.45753391778
2.45358852731
2.44964320551
2.44569802468
2.44175305534
2.43780836624
2.43386402446
2.42992009544
2.42597664297
2.42203372929
2.4180914151
2.41414975959
2.4102088205
2.40626865414
2.40232931544
2.39839085796
2.39445333395
2.39051679437
2.38658128891
2.38264686607
2.37871357312
2.37478145619
2.37085056027
2.36692092925
2.36299260595
2.35906563212
2.35514004852
2.3512158949
2.34729321004
2.34337203178
2.33945239705
2.33553434187
2.33161790142
2.32770310999
2.32379000109
2.31987860739
2.3159689608
2.31206109248
2.30815503281
2.30425081149
2.30034845751
2.29644799916
2.2925494641
2.28865287932
2.28475827118
2.28086566546
2.27697508731
2.27308656134
2.26920011157
2.26531576148
2.26143353405
2.2575534517
2.25367553639
2.24979980956
2.24592629221
2.24205500486
2.23818596758
2.23431920002
2.23045472142
2.22659255057
2.22273270591
2.21887520547
2.21502006691
2.21116730753
2.20731694426
2.2034689937
2.19962347214
2.19578039551
2.19193977944
2.18810163927
2.18426599002
2.18043284645
2.17660222302
2.17277413394
2.16894859314
2.1651256143
2.16130521088
2.15748739606
2.15367218281
2.14985958389
2.14604961182
2.14224227892
2.1384375973
2.13463557887
2.13083623536
2.1270395783
2.12324561905
2.11945436879
2.11566583852
2.11188003911
2.10809698122
2.1043166754
2.10053913203
2.09676436134
2.09299237345
2.08922317829
2.08545678571
2.08169320541
2.07793244697
2.07417451984
2.07041943337
2.06666719677
2.06291781919
2.05917130962
2.05542767698
2.05168693008
2.04794907763
2.04421412826
2.0404820905
2.0367529728
2.0330267835
2.02930353089
2.02558322316
2.02186586844
2.01815147475
2.01444005008
2.01073160231
2.00702613929
2.00332366877
1.99962419844
1.99592773595
1.99223428887
1.98854386471
1.98485647093
1.98117211492
1.97749080403
1.97381254556
1.97013734673
1.96646521475
1.96279615674
1.95913017981
1.95546729099
1.95180749729
1.94815080566
1.94449722302
1.94084675622
1.9371994121
1.93355519745
1.92991411902
1.9262761835
1.92264139758
1.91900976789
1.91538130102
1.91175600354
1.90813388197
1.90451494281
1.9008991925
1.89728663749
1.89367728415
1.89007113886
1.88646820793
1.88286849767
1.87927201434
1.87567876417
1.87208875338
1.86850198814
1.86491847459
1.86133821885
1.85776122702
1.85418750515
1.85061705928
1.8470498954
1.8434860195
1.83992543753
1.83636815541
1.83281417903
1.82926351426
1.82571616694
1.8221721429
1.8186314479
1.81509408773
1.8115600681
1.80802939474
1.80450207332
1.8009781095
1.79745750892
1.79394027717
1.79042641984
1.78691594248
1.78340885062
1.77990514975
1.77640484536
1.77290794289
1.76941444777
1.76592436539
1.76243770113
1.75895446034
1.75547464833
1.75199827041
1.74852533183
1.74505583784
1.74158979367
1.73812720449
1.73466807548
1.73121241178
1.72776021849
1.7243115007
1.72086626349
1.71742451187
1.71398625086
1.71055148544
1.70712022056
1.70369246116
1.70026821213
1.69684747836
1.6934302647
1.69001657596
1.68660641694
1.68319979242
1.67979670713
1.6763971658
1.67300117311
1.66960873373
1.6662198523
1.66283453341
1.65945278166
1.65607460161
1.65269999777
1.64932897466
1.64596153675
1.64259768848
1.63923743429
1.63588077855
1.63252772565
1.62917827991
1.62583244566
1.62249022718
1.61915162873
1.61581665454
1.61248530882
1.60915759574
1.60583351947
1.60251308412
1.59919629379
1.59588315256
1.59257366447
1.58926783353
1.58596566374
1.58266715906
1.57937232343
1.57608116077
1.57279367495
1.56950986984
1.56622974927
1.56295331704
1.55968057693
1.55641153271
1.55314618809
1.54988454677
1.54662661244
1.54337238875
1.54012187931
1.53687508772
1.53363201757
1.5303926724
1.52715705573
1.52392517105
1.52069702185
1.51747261157
1.51425194362
1.51103502142
1.50782184834
1.50461242771
1.50140676288
1.49820485714
1.49500671376
1.49181233601
1.4886217271
1.48543489026
1.48225182865
1.47907254544
1.47589704378
1.47272532676
1.46955739749
1.46639325903
1.46323291443
1.46007636671
1.45692361889
1.45377467393
1.4506295348
1.44748820443
1.44435068575
1.44121698165
1.43808709501
1.43496102868
1.4318387855
1.42872036828
1.42560577982
1.42249502289
1.41938810025
1.41628501463
1.41318576876
1.41009036533
1.40699880703
1.40391109651
1.40082723643
1.3977472294
1.39467107804
1.39159878494
1.38853035267
1.38546578379
1.38240508085
1.37934824637
1.37629528285
1.3732461928
1.37020097868
1.36715964297
1.36412218811
1.36108861653
1.35805893064
1.35503313287
1.35201122558
1.34899321117
1.345979092
1.3429688704
1.33996254873
1.3369601293
1.33396161443
1.33096700641
1.32797630754
1.32498952009
1.32200664632
1.3190276885
1.31605264886
1.31308152965
1.31011433307
1.30715106134
1.30419171668
1.30123630127
1.2982848173
1.29533726694
1.29239365237
1.28945397574
1.28651823922
1.28358644493
1.28065859503
1.27773469164
1.27481473689
1.27189873289
1.26898668175
1.26607858559
1.26317444651
1.26027426659
1.25737804794
1.25448579263
1.25159750274
1.24871318037
1.24583282757
1.24295644642
1.24008403899
1.23721560735
1.23435115354
1.23149067965
1.22863418771
1.22578167979
1.22293315795
1.22008862423
1.2172480807
1.21441152939
1.21157897238
1.2087504117
1.20592584941
1.20310528756
1.20028872822
1.19747617343
1.19466762525
1.19186308574
1.18906255697
1.18626604099
1.18347353988
1.1806850557
1.17790059053
1.17512014644
1.17234372551
1.16957132983
1.16680296149
1.16403862258
1.1612783152
1.15852204145
1.15576980345
1.1530216033
1.15027744314
1.14753732509
1.14480125129
1.14206922387
1.13934124499
1.1366173168
1.13389744148
1.13118162118
1.1284698581
1.12576215443
1.12305851236
1.1203589341
1.11766342187
1.1149719779
1.11228460442
1.10960130369
1.10692207797
1.10424692952
1.10157586062
1.09890887357
1.09624597067
1.09358715425
1.09093242662
1.08828179012
1.08563524712
1.08299279998
1.08035445108
1.07772020281
1.07509005759
1.07246401783
1.06984208596
1.06722426445
1.06461055576
1.06200096236
1.05939548676
1.05679413147
1.05419689901
1.05160379193
1.04901481279
1.04642996417
1.04384924867
1.04127266888
1.03870022745
1.03613192702
1.03356777026
1.03100775985
1.02845189849
1.02590018889
1.02335263381
1.020809236
1.01826999824
1.01573492332
1.01320401406
1.0106772733
1.00815470391
1.00563630875
1.00312209073
1.00061205277
0.99810619781
0.995604528818
0.99310704878
0.990613760702
0.988124667616
0.985639772574
0.983159078654
0.980682588954
0.978210306597
0.975742234728
0.973278376517
0.970818735158
0.96836331387
0.965912115894
0.963465144497
0.961022402972
0.958583894636
0.956149622832
0.953719590926
0.951293802315
0.948872260417
0.946454968678
0.944041930573
0.941633149599
0.939228629284
0.936828373181
0.934432384872
0.932040667964
0.929653226094
0.927270062927
0.924891182155
0.9225165875
0.920146282711
0.917780271567
0.915418557877
0.913061145476
0.910708038233
0.908359240044
0.906014754834
0.903674586562
0.901338739214
0.899007216807
0.89668002339
0.894357163044
0.892038639878
0.889724458035
0.887414621688
0.885109135044
0.88280800234
0.880511227847
0.878218815867
0.875930770734
0.873647096818
0.871367798519
0.869092880271
0.866822346543
0.864556201837
0.862294450686
0.860037097662
0.857784147368
0.855535604442
0.853291473557
0.85105175942
0.848816466775
0.8465856004
0.844359165107
0.842137165747
0.839919607204
0.837706494398
0.835497832288
0.833293625866
0.831093880162
0.828898600243
0.826707791214
0.824521458214
0.822339606422
0.820162241053
0.817989367362
0.815820990637
0.81365711621
0.811497749447
0.809342895754
0.807192560575
0.805046749392
0.802905467729
0.800768721145
0.798636515241
0.796508855656
0.794385748069
0.792267198199
0.790153211805
0.788043794686
0.785938952679
0.783838691666
0.781743017564
0.779651936336
0.777565453982
0.775483576545
0.773406310108
0.771333660796
0.769265634775
0.767202238253
0.76514347748
0.763089358746
0.761039888386
0.758995072774
0.756954918329
0.754919431511
0.752888618823
0.75086248681
0.74884104206
0.746824291204
0.744812240918
0.742804897917
0.740802268963
0.738804360859
0.736811180454
0.734822734638
0.732839030346
0.730860074557
0.728885874293
0.726916436621
0.724951768652
0.722991877539
0.721036770483
0.719086454727
0.717140937559
0.71520022631
0.713264328359
0.711333251126
0.709407002078
0.707485588727
0.705569018627
0.703657299379
0.701750438631
0.699848444071
0.697951323436
0.696059084506
0.694171735108
0.692289283112
0.690411736433
0.688539103034
0.686671390921
0.684808608144
0.682950762801
0.681097863032
0.679249917026
0.677406933013
0.675568919272
0.673735884123
0.671907835933
0.670084783116
0.668266734128
0.666453697471
0.664645681691
0.66284269538
0.661044747174
0.659251845754
0.657463999845
0.655681218217
0.653903509684
0.652130883103
0.650363347378
0.648600911454
0.646843584322
0.645091375014
0.64334429261
0.641602346229
0.639865545034
0.638133898234
0.636407415078
0.634686104859
0.63296997691
0.631259040611
0.629553305379
0.627852780675
0.626157476004
0.624467400907
0.622782564971
0.621102977821
0.619428649123
0.617759588583
0.616095805949
0.614437311005
0.612784113577
0.61113622353
0.609493650765
0.607856405223
0.606224496884
0.604597935763
0.602976731913
0.601360895425
0.599750436425
0.598145365073
0.596545691568
0.594951426141
0.593362579059
0.591779160623
0.590201181164
0.588628651052
0.587061580683
0.585499980489
0.583943860933
0.582393232505
0.58084810573
0.579308491159
0.577774399373
0.576245840981
0.57472282662
0.573205366954
0.571693472672
0.570187154489
0.568686423145
0.567191289404
0.565701764053
0.564217857902
0.562739581783
0.561266946546
0.559799963066
0.558338642233
0.556882994957
0.555433032165
0.553988764802
0.552550203826
0.551117360213
0.54969024495
0.548268869038
0.54685324349
0.545443379329
0.544039287589
0.542640979311
0.541248465545
0.539861757347
0.538480865778
0.537105801905
0.535736576795
0.534373201521
0.533015687154
0.531664044764
0.530318285422
0.528978420194
0.527644460142
0.526316416323
0.524994299788
0.523678121577
0.522367892724
0.521063624249
0.519765327162
0.518473012458
0.517186691116
0.5159063741
0.514632072356
0.513363796808
0.51210155836
0.510845367895
0.509595236268
0.508351174312
0.507113192828
0.505881302593
0.504655514347
0.503435838804
0.502222286637
0.501014868489
0.499813594961
0.498618476616
0.497429523975
0.496246747517
0.495070157676
0.493899764837
0.492735579339
0.491577611468
0.490425871458
0.489280369491
0.488141115688
0.487008120116
0.485881392779
0.484760943619
0.483646782515
0.482538919276
0.481437363646
0.480342125296
0.479253213827
0.478170638762
0.477094409548
0.476024535553
0.474961026065
0.473903890285
0.472853137332
0.471808776236
0.470770815934
0.469739265275
0.46871413301
0.467695427794
0.466683158184
0.465677332634
0.464677959494
0.463685047009
0.462698603315
0.461718636437
0.460745154287
0.459778164663
0.458817675242
0.457863693583
0.456916227123
0.455975283171
0.455040868913
0.454112991402
0.453191657559
0.452276874173
0.451368647893
0.450466985231
0.449571892556
0.448683376094
0.447801441924
0.446926095976
0.446057344028
0.445195191706
0.44433964448
0.443490707659
0.442648386395
0.441812685673
0.440983610316
0.440161164977
0.43934535414
0.438536182116
0.437733653041
0.436937770874
0.436148539395
0.435365962203
0.434590042712
0.433820784149
0.433058189555
0.432302261779
0.431553003478
0.430810417113
0.430074504949
0.429345269051
0.428622711285
0.42790683331
0.427197636582
0.42649512235
0.425799291652
0.425110145316
0.424427683957
0.423751907973
0.423082817546
0.42242041264
0.421764692997
0.421115658137
0.420473307357
0.419837639726
0.419208654087
0.418586349053
0.417970723008
0.4173617741
0.416759500248
0.416163899132
0.415574968197
0.41499270465
0.414417105458
0.413848167348
0.413285886804
0.412730260068
0.412181283138
0.411638951765
0.411103261457
0.41057420747
0.410051784816
0.409535988256
0.409026812299
0.408524251207
0.408028298988
0.407538949398
0.407056195941
2.93324566292
3.24752025015
3.51075480012
2.94231290724
3.09089946419
3.02542504132
2.93462166709
2.95735890306
2.93179053706
2.91028859992
2.77033138553
3.51764814362
3.34250697723
3.29432356047
2.91162018459
2.7013175149
3.20366117605
2.98985530967
2.87198465838
2.84952989428
2.91982776538
3.15779398475
2.77504807706
2.93817110785
2.89587553499
3.0769358971
2.94811697395
2.84140401844
2.8320940004
2.9636899764
3.09822177956
3.23654219394
2.7821187799
2.79502604503
2.84000363037
2.65973701246
3.21262363915
2.81046352348
3.31733801094
3.02095210096
2.74476238951
3.39284523161
3.03153545601
3.03296176434
2.98053390053
2.79833638736
2.66250807184
2.70415949209
3.00282508826
3.01611163145
2.90470657956
3.01655910152
3.30301648035
3.13590407035
3.19169475485
3.19919069511
3.25540645053
3.00055524599
3.46501785252
2.69177073346
3.23221632759
3.09231259752
2.90876735096
2.90070974689
2.92470281295
3.01132188019
2.81191896212
2.87294471577
2.87413720594
2.90386038315
3.01855094016
3.17931089241
3.23146920455
3.23148226283
2.83136394193
3.06443668525
2.85355404556
2.96333452277
3.09523883784
2.83837283954
3.00577737576
3.07231983365
2.98345728398
2.94524175495
3.06292476975
3.13927605294
2.93433841823
2.78348652493
3.07111954074
3.61278466855
2.8920885238
2.84576833164
2.96507096269
2.93747062958
3.36695536344
3.17940023523
3.22245922598
3.04411237027
3.20535936027
2.94807588411
3.14813219567
2.92298036654
3.18902576627
2.73318309128
2.93691889744
2.86811326292
2.80873229881
2.97309147662
2.85641350584
3.09118443161
3.12660135382
2.78730853383
3.16084187938
2.74162663647
2.81026558384
3.07126547212
2.88438943822
2.89205578815
3.32799589285
2.90875844513
3.50633379345
2.61207945281
2.90981891792
3.42030514731
3.46710716617
3.20683787879
2.77305537647
2.75632005224
2.97240901253
2.97615275215
2.9048752639
2.88839466773
2.62448578787
2.78359311505
2.84727038964
2.90777878003
3.2647547878
2.97185709493
2.93694537475
3.19675444787
2.73798030349
2.59218376294
3.00235688613
2.95911627255
2.91697161722
3.06402759986
2.98887450769
3.07103546979
2.66476758005
2.91706239503
3.18960575746
2.84723408427
3.10715136982
3.08797334724
3.02830833591
3.41745130256
2.89543315548
2.90171633049
2.97102386488
3.06299341667
2.96432999252
3.04585331658
2.93370189643
2.82642410719
3.02321443764
3.05732774425
3.21576312812
2.85629554721
2.9025674918
3.08400096537
2.80007272686
3.06737628382
2.84754592727
2.84696189645
2.98571264213
2.70528973961
3.02082537048
3.49202996294
2.99188869246
3.26454856956
3.10894466938
2.88708753067
2.99591813684
3.1406773515
3.96043744513
2.98049992267
2.91364842138
2.68168338892
2.80003619458
3.04352913532
3.35590037444
2.92748844645
3.10270236522
2.73293145809
2.87680405692
3.45905719564
3.31973567077
3.35314858377
2.93335646407
3.19944304461
2.85428946839
2.71644866887
2.80128744971
3.05577710316
2.9694612536
2.98654444637
2.82179636077
4.02288268648
2.82068090509
2.79541629679
3.34231125288
3.08980785652
2.78504086987
2.74776066948
3.16661052848
2.78795162276
3.01531833562
3.4762144841
2.88648681246
3.04956106045
2.68715296778
3.25742906453
2.84226880539
2.83702274116
2.81835484752
2.84340094607
3.13803295411
2.95342598743
3.80767436591
3.08879879576
2.7822265195
3.02411925148
3.75327695904
2.95927722766
2.86043102742
2.78323094669
2.93354721957
2.98073031047
2.72623660708
3.09293607611
3.00924846065
3.91968822625
2.78088510125
3.1446401973
3.31576526209
2.81723667688
3.37337044109
2.84626647474
2.91738402181
3.18808296037
3.00766575627
3.36057317505
2.71480997274
2.96560612182
2.8523521911
2.81383223177
3.37634663084
2.82617530429
2.70579688062
2.82436592334
3.17266220162
3.42119146533
2.75971968331
2.8076875924
2.87623328703
3.06440540894
2.84139209352
2.99277573356
2.81129591742
2.9133467718
3.18859088454
4.08229362463
3.12462369748
3.11726932874
3.03148799758
2.9541389778
3.23629155496
3.15522330109
2.91913133361
2.95503383919
3.1066149886
2.82012981492
2.76285905445
2.82368409864
3.04391728921
2.96488053207
3.10019799448
3.02094129558
3.05747214976
3.00874321574
3.29412952589
3.28293478125
2.862637824
3.01726127272
3.06440063624
3.64598710989
2.87756732743
3.20667669713
3.23131476482
2.924636552
3.20262771716
2.90789654654
3.04498161067
2.91848929069
3.19943900544
3.06112858596
2.91301105872
3.19044793965
3.34597770301
3.06047387487
2.90552814374
3.27635128899
3.05354282599
3.14598707844
2.86881578975
3.31923940848
3.02955710104
2.68548693428
2.80373874308
2.99552118788
2.88018206064
3.10325473662
3.16392367498
3.08156149707
3.47752833529
3.10647976009
2.86297278505
3.38433505928
2.96406526632
2.96758392264
2.7053113984
3.01792279766
3.20598421981
2.79826164008
3.0381318995
3.2635075131
2.959314398
2.76511534348
2.86853814881
3.11752834954
3.11340794346
3.027637023
3.40522538373
3.03285278013
3.39252545854
2.90608014594
3.19944358168
2.92960935962
2.73321542334
2.89509479252
3.1478573867
2.97721226017
2.82504210311
2.95437026585
2.87240238557
2.87589041131
3.17069412804
3.0213301017
2.97860878132
3.14344203253
2.84676388869
2.92642249034
3.02780291486
3.03266393907
3.23987139804
2.83342425105
3.21753476931
3.1466168802
3.17474751653
3.23777898815
3.1527587677
3.17521328351
3.04069117206
2.7826397795
2.82472081353
2.95304429133
2.99313424728
2.83722393276
2.7619973821
2.95543563534
2.98436552509
3.17989189009
2.9868830667
2.91987919852
3.07249311236
3.36560435451
2.92652758485
3.1185404659
2.98643361682
3.20883276362
2.75724539328
3.05608486359
3.0165958841
3.2235279771
3.09816435837
3.00688940093
2.86289825392
2.63584091328
2.96592380597
2.88266721769
2.74858230433
2.86057759702
2.85812928451
3.06382580046
3.39111887053
3.36903655496
3.31293756455
3.01151520731
2.79953636954
3.75309903478
2.86315437166
2.97714178909
2.89483806482
3.09459785719
2.91189975809
2.80006292711
3.05458745276
2.98807787564
3.05971465838
3.05542734139
2.67598698463
2.74048945579
3.41947794571
3.05315897681
3.46462521344
2.95719732704
2.94347543838
3.04959340261
3.05917918091
2.83920889633
2.79872161127
3.34574677197
2.8795279711
3.5079385532
2.96150506279
3.03133765805
2.89513363729
2.94592602374
3.14492529552
3.15059727844
3.05310231335
2.98438596021
3.15259463855
3.08312938522
2.94819986821
3.15637218794
3.31384503076
3.20605723706
2.92525490904
2.8920739284
3.14729340239
2.94087954195
3.09615089684
3.00719977913
3.44050636619
3.03013603602
2.70860959034
3.03449700923
2.99251305856
3.36200890165
3.42968663037
2.79206893859
2.93494786982
2.81204834409
2.87629696977
3.25858447323
2.923317007
2.96424059268
3.03157425505
2.72067137768
3.22647398437
2.98710217403
2.93306750655
2.78389852517
2.63669574246
3.23164711071
2.93931058073
2.95632003807
2.70101113274
3.02571165496
3.01252864476
3.63400677296
2.73196915548
2.95147769729
2.71729045326
2.99602786505
2.95490871497
2.79526245214
2.80044277181
2.89938924935
2.69644827419
2.84150165354
3.20873174616
2.82054635932
2.78992441588
2.81193791967
3.27776920265
2.95000985567
3.1880691176
3.2255164213
3.03438501802
3.30275627502
3.06691509541
2.69213780951
2.82062357744
3.23967002019
3.22251872444
3.28384547254
2.74586770505
2.93671580794
3.10919425688
3.05001986636
3.16037992762
3.16578526631
3.24723164604
2.8300213574
2.88053698922
2.80533617974
2.91066662945
3.46053470156
3.18896179903
3.3496687204
2.97829449464
3.48268055711
2.7273075459
3.13035685416
3.03624678056
2.86858917287
2.94683605696
2.86235572522
2.83185351397
3.06519170878
3.12209573348
2.86678939652
3.08033603378
2.85877194151
3.09902503298
2.79488443081
2.80538455389
2.82593683606
3.44139668918
3.03355943399
3.39778031723
3.50979129115
2.76654188385
2.77632083858
2.72841164027
2.94110398917
3.61486026224
2.72663906416
3.02416293582
3.75670912101
3.42066688644
3.2467374937
2.8358845971
3.07891068279
2.86721263152
3.03774031295
3.00581615485
3.09101213697
3.42929087238
2.8036024697
2.74021270017
3.07941629725
3.00705809126
3.21887254609
3.06802523529
3.33278109552
2.96111795223
2.99711218557
3.3211972447
3.19793794971
2.85280890386
3.24248723232
2.72299044109
3.05810434853
3.12345190933
3.30028220107
2.85879179193
3.06292766081
2.75976652783
2.9250895164
3.09769682543
2.67802685435
3.06951653836
3.04653803305
2.93702751312
3.11503222389
3.08791249576
2.88648318712
2.82442567653
2.72179030047
2.89729804149
3.06327490715
2.76008160849
2.85628754367
2.97043327863
3.08017873655
3.06937734926
2.93310813731
2.95564075908
2.9230639126
2.800042814
2.88354023794
2.85348653728
3.01440503023
3.32474281846
3.18086770965
2.70324292695
3.5634110883
2.93783982424
2.84640050176
2.96783066561
3.17716549144
3.077281081
2.85939626231
3.24322122719
3.48659353748
3.32119946351
3.20740997564
3.03203700583
3.45458576616
2.81940388797
3.22144653271
3.41181418985
2.85636744871
2.99077993329
3.04287483494
3.04354704006
3.01079761582
2.861468883
2.91784804263
2.92751341573
3.06449495393
2.97806665474
3.05331532276
2.60659000043
4.09581571659
3.23489094463
3.17398879145
2.83781090478
3.12637567924
3.36537353266
2.86453181141
3.1678835853
2.89689168701
3.19718278174
2.95231499165
2.89721843743
2.90938536565
2.9922893885
3.00983002167
2.82185137787
2.92258940014
3.15624005592
3.06941585991
3.18731595695
2.95589659712
3.23273536126
3.05208474842
2.94539434906
2.95507853961
2.98979914124
3.33177237758
2.89096534751
2.83857686829
3.02507090684
3.32221181367
2.95450893353
2.73872425027
2.97943475621
3.0004434661
3.01951059006
2.99828538435
2.86057634027
2.96128168736
2.95449389842
3.21347299415
2.73002763357
2.91528458717
2.97518774194
2.99160503844
3.11583993682
3.07173940656
3.26376659119
2.99308389843
2.97509583544
3.13236280531
2.95202309618
2.99720278504
2.94167054956
3.46671400339
3.18810226056
2.82456163818
2.9680870909
2.75724372753
2.9331233206
2.77404504984
2.97791588576
2.82751993604
3.25867191526
3.69627830351
2.94269275771
2.80222761566
2.78203601599
3.1258392047
3.01333898647
2.99900228046
2.75172888786
3.14368412062
3.01878634509
3.34347359333
2.73423468812
2.88098177947
2.9561467103
2.8369625578
2.97579663535
2.90855076106
3.09246546994
3.44791544296
3.14568192682
3.19627189522
2.94314878259
3.16411309655
3.09662482602
3.19433229536
2.81996221315
2.75710043802
2.95925208176
2.92608738298
2.98585619722
3.55875355204
2.7839255076
3.02581400809
2.77984158306
3.12984247805
3.25745371927
2.92542091073
2.96554203716
3.08868480594
3.08727221183
2.90702543639
3.79739706769
2.88274218322
3.11777757888
2.95958132282
2.73089627361
3.19792058941
3.01026985259
3.04851278346
2.99109623528
2.81493673065
2.78023691187
3.51459955602
3.33532257751
2.88417115371
3.28403197471
2.79458635639
3.31875622158
2.82044200156
3.24974038293
2.99489014619
2.83121165856
2.93873324443
3.14493807893
2.9672150482
3.34769653286
3.01925693741
2.85825878448
3.05156159277
2.907060997
2.9313283536
3.01902221703
3.21761675933
2.9060380006
2.71105693437
3.16800920129
3.04679670932
2.97138680666
2.77946185572
3.34359535759
3.25840312607
3.00546184811
2.96527482022
3.35003931719
3.07983890367
2.9474674771
3.24200177673
3.05291558376
3.05898559565
3.22710216269
3.48881547248
2.89272348219
3.12818436408
2.72777825753
2.78058826414
2.98822231308
2.92926908807
2.7675586964
2.94577127099
2.85532614494
2.82921972179
3.36865551882
2.82547503536
2.98934801695
3.23195766371
3.06254935871
2.76070268658
3.09979958654
3.25181854949
2.75910024463
2.71933617576
3.12907779285
3.09550576717
3.09543394525
3.10068501176
3.11229735218
2.84138824495
2.90404095414
2.91680299043
3.32530813733
2.96642046288
3.74814016133
3.36954848259
3.08958601063
2.94460663172
3.06064049754
3.24823231769
2.89702125154
2.97486740488
2.92657170338
2.94346625505
2.9095593891
2.80492580428
2.83163197545
3.14969143394
2.74640563064
2.74049872292
3.01125284602
3.02075775662
3.22258134791
2.97285769831
2.86370834012
2.81370958415
3.31245353027
2.85406113504
3.070640274
3.54744862346
3.12094283852
3.07568768329
3.01319614751
2.77029788722
3.16195212758
3.30241489605
2.72417486976
3.00807230585
2.84448187384
2.9765520488
3.09820757008
2.81987909626
2.91864870155
2.79546111843
2.58559569803
3.19227438499
2.92288043415
2.73142855676
2.93064574299
2.63356768249
3.46202674416
2.8552829713
2.87246541716
3.12387086492
2.95728920832
2.87107101742
2.90937373733
2.72683544457
3.06738186044
2.74967405283
3.00184438591
3.27832170064
3.12460809851
3.06111111126
3.42307436132
2.76317127625
3.17188082175
2.80470815206
2.80289315616
3.02750801885
2.77075843087
2.8512631961
3.07671450535
2.97808158997
2.76546611247
2.96194293289
3.35686221403
3.09256454652
3.10991746812
2.79897982846
2.90557278713
2.98215091893
2.81314686969
3.47782606458
2.9708280427
3.06882251845
2.95179979131
2.93638403864
2.87726170785
2.79814362502
3.08959261525
2.85385728517
2.87894227527
2.89492516626
2.82655114778
2.99695980723
3.26023322169
3.07130698162
3.03218912953
2.92455796563
2.74115136766
3.11514733598
3.04034005026
3.08791640498
2.84655589334
3.92552383125
2.70062359314
3.14133971031
2.93868997146
2.95269934475
3.2657892781
3.22514969856
3.03631768036
3.15904177605
3.22837811083
2.92732748575
2.97932974411
2.99958249483
3.08703725779
3.31649399128
2.65179197853
2.91434781353
2.88768264099
2.8136975592
2.78528292457
2.98540480947
3.07193579362
2.96819758025
3.11593935422
2.94297761794
2.77268265249
3.44032113251
3.67742103246
3.18941020834
2.75445422542
3.24752799449
2.80163174401
3.07782684131
2.9205446532
2.78787779313
2.82596580101
2.77093501451
2.74246112698
2.84640381594
2.95588488667
2.87889243522
2.99089425094
2.88732330428
2.89667612504
3.79696290191
2.93225199776
3.01369290405
2.70821256186
3.05893555934
2.91925943587
2.97934505072
2.81535796007
3.14386773216
3.17203670629
2.8001235207
2.86698377384
3.15116376395
3.15491191807
3.17590871865
3.14333969953
2.78251612921
3.02998725291
2.87523785541
3.01682121624
2.85045836315
2.98446165718
3.44373907093
3.04904346127
3.13174199476
2.79827301982
2.98987112432
2.58609613742
3.15638245114
3.12088684292
2.92764075407
2.89399395622
3.21165673311